12.35 8.45 0 0.206171 
12.351 8.45468 0 0.234184 
12.371 8.45903 0 0.582281 
12.4081 8.46307 0 0.905408 
12.4607 8.46681 0 1.19907 
12.5273 8.47028 0 1.46519 
12.6066 8.4735 0 1.70618 
12.6974 8.47648 0 1.92432 
12.7986 8.47924 0 2.12175 
12.9092 8.48179 0 2.30043 
13.0283 8.48414 0 2.46212 
13.1551 8.48632 0 2.60844 
13.2889 8.48832 0 2.74085 
13.429 8.49017 0 2.86066 
13.5748 8.49187 0 2.96907 
13.7257 8.49344 4.64744 3.06798 
13.8814 8.49495 5.62273 3.15783 
14.0413 8.49642 6.97102 3.23911 
14.2051 8.4979 8.87694 3.3126 
14.3725 8.49945 11.6215 3.37897 
14.5429 8.50115 15.6321 3.43882 
14.7162 8.50313 21.5495 3.49261 
14.8921 8.50558 30.3039 3.5407 
15.0702 8.50881 43.1522 3.58331 
15.2502 8.51325 61.5437 3.62052 
15.4319 8.51958 86.541 3.65234 
15.615 8.52868 117.485 3.67892 
15.7991 8.54168 150.175 3.70091 
15.9837 8.55968 176.485 3.71964 
16.1686 8.58338 190.555 3.73645 
16.3535 8.61272 186.275 3.7518 
16.5383 8.64682 170.888 3.76514 
16.7231 8.68435 152.784 3.77557 
16.9078 8.7239 146.401 3.78199 
17.0925 8.76437 198.001 3.77326 
17.2747 8.80639 583.296 3.68154 
17.4425 8.85957 1706.45 3.3103 
17.5697 8.94446 2325.93 2.87088 
17.6456 9.05341 1908.81 2.44833 
17.6852 9.15785 1632.36 2.05199 
17.7194 9.24691 2846.48 1.7639 
17.8046 9.28469 5063.39 2.18616 
17.9268 9.26638 4414.18 2.43181 
18.0294 9.29495 4227.04 2.12301 
18.0871 9.37497 3724.69 1.875 
18.12 9.45403 4164.11 1.40065 
18.1694 9.48386 4822.65 1.11539 
18.2183 9.4911 6016.94 1.02313 
18.2764 9.53227 6606.65 1.59516 
18.3291 9.56726 7102.68 0.841647 
18.3524 9.58566 6239.32 0.599078 
18.3682 9.61857 5041.88 0.845575 
18.4024 9.63393 5472.1 1.30733 
18.5032 9.61233 5250.25 2.03461 
18.5904 9.61948 4800.62 1.50171 
18.6679 9.61249 5866.12 1.69371 
18.7478 9.55522 5175.32 2.19524 
18.8413 9.52643 4317.29 1.53322 
18.889 9.58753 3731.59 2.16315 
18.9303 9.70901 3391.45 2.83208 
19.0151 9.77313 2914.61 1.97205 
19.1457 9.75655 1530.79 3.19671 
19.3192 9.73899 1051.8 3.70913 
19.511 9.74112 866.09 3.94022 
19.7093 9.76491 768.667 4.03237 
19.9067 9.80613 615.465 4.01644 
20.0988 9.85784 478.124 3.93978 
20.2856 9.9145 337.814 3.87419 
20.4695 9.97201 232.742 3.83742 
20.6528 10.0278 176.094 3.82965 
20.8373 10.0807 156.337 3.85206 
21.0242 10.1307 141.918 3.88995 
21.2139 10.1778 134.297 3.92761 
21.4063 10.2219 147.048 3.96843 
21.6018 10.2629 178.615 4.02485 
21.8013 10.3006 216.477 4.10339 
22.006 10.335 244.901 4.19857 
22.2161 10.3656 252.419 4.29235 
22.4309 10.3922 240.351 4.36277 
22.6489 10.4148 221.449 4.39716 
22.8681 10.4336 213.249 4.39896 
23.0873 10.4491 241.436 4.38868 
23.3065 10.4633 347.649 4.41016 
23.5289 10.4807 542.401 4.53442 
23.7597 10.5083 666.176 4.77944 
24.001 10.5481 586.571 4.97276 
24.2461 10.5927 478.551 4.95733 
24.4866 10.6327 421.022 4.77954 
24.7181 10.6625 350.683 4.55954 
24.9406 10.6822 255.418 4.38462 
25.1565 10.6943 171.303 4.27504 
25.3684 10.7019 116.049 4.21403 
25.5782 10.707 86.1042 4.18248 
25.7869 10.7106 73.3817 4.16905 
25.9952 10.7133 71.6838 4.1687 
26.2039 10.7153 76.7288 4.17965 
26.4134 10.7166 84.9759 4.20101 
26.6241 10.7173 92.9837 4.23105 
26.8366 10.7171 97.6682 4.26629 
27.0508 10.7163 97.1521 4.30183 
27.2666 10.7147 91.3818 4.33257 
27.4839 10.7124 84.0404 4.35461 
27.7019 10.7096 73.4621 4.36536 
