12.35 3.25 0 0.234842 
12.3483 3.2562 0 0.239357 
12.3646 3.26832 0 0.576956 
12.3971 3.28581 0 0.897916 
12.4445 3.30815 0 1.19073 
12.5051 3.3349 0 1.45636 
12.5778 3.36564 0 1.69692 
12.6614 3.40003 0 1.91457 
12.7548 3.43773 0 2.11139 
12.8571 3.47845 0 2.28929 
12.9674 3.52195 0 2.45001 
13.0849 3.56797 0 2.59514 
13.2089 3.61633 0 2.72612 
13.3387 3.66683 0 2.84427 
13.4738 3.71931 0 2.95076 
13.6136 3.77363 0 3.04668 
13.7576 3.82967 0 3.13298 
13.9054 3.88729 0 3.21056 
14.0565 3.94641 2.14512 3.28049 
14.2107 4.00695 2.27605 3.34414 
14.3676 4.06882 2.40875 3.40119 
14.5269 4.13197 2.54352 3.45223 
14.6883 4.19632 2.68054 3.49778 
14.8516 4.26185 2.82004 3.53831 
15.0165 4.32849 2.96231 3.57428 
15.1827 4.39622 3.10774 3.60605 
15.3502 4.46501 3.25676 3.63398 
15.5186 4.53483 3.40989 3.65838 
15.6878 4.60566 3.56773 3.67952 
15.8577 4.67749 5.88335 3.69751 
16.0281 4.75027 6.23588 3.71214 
16.1987 4.82398 8.87673 3.72459 
16.3696 4.89867 14.5436 3.73321 
16.5403 4.97433 34.887 3.73322 
16.7098 5.05086 136.25 3.69223 
16.8727 5.12789 501.715 3.45747 
17.0101 5.20434 975.405 2.76332 
17.103 5.27966 666.343 2.11802 
17.1706 5.35522 300.741 2.00466 
17.2392 5.43248 294.2 2.16111 
17.3226 5.51353 518.855 2.53348 
17.4317 5.60201 681.745 3.10336 
17.5689 5.69872 647.47 3.55999 
17.7231 5.79564 722.086 3.67671 
17.8822 5.8836 934.121 3.55507 
18.0273 5.96594 1893.45 3.02496 
18.1242 6.04314 3568.43 1.80361 
18.1368 6.08637 4343.68 0.709185 
18.082 6.06831 4739.96 1.21818 
18.0992 6.05455 5891.31 1.53016 
18.1512 6.09697 5807.96 0.738641 
18.1406 6.11736 4369.47 0.290691 
18.157 6.12266 4031.02 0.591442 
18.1736 6.1351 4398.94 0.0594956 
18.1652 6.12374 5743.24 0.53106 
18.2109 6.11697 6921.84 1.36732 
18.2619 6.13808 5993.77 0.502802 
18.2419 6.13634 5097.68 1.06989 
18.191 6.1098 4985.06 0.90472 
18.2071 6.09781 6980.33 1.42619 
18.278 6.1286 7460.79 0.991271 
18.2841 6.14151 5924.7 0.365082 
18.2546 6.1408 5109.89 0.764563 
18.2244 6.12557 5283.09 0.559134 
18.2418 6.10439 6576.22 0.824524 
18.2849 6.11172 6433.16 0.631551 
18.2813 6.11143 5406.59 0.767173 
18.2365 6.0953 5597.24 0.726452 
18.2359 6.07984 6274.39 0.551746 
18.2747 6.07563 6306.82 0.788486 
18.2997 6.08654 5149.4 0.310354 
18.296 6.08785 5052.71 0.376982 
18.2742 6.07241 6147.35 0.496202 
18.2953 6.06277 7117.17 1.06145 
18.3294 6.05778 6529.4 0.227073 
18.3091 6.04221 6011.88 0.576744 
18.3044 6.02579 6323.17 0.393377 
18.3259 6.0159 6346.01 0.495556 
18.3547 6.01053 7057.68 0.737324 
18.3906 6.00555 7753.8 0.535337 
18.3973 5.98556 7335.2 0.52912 
18.3946 5.9595 7406.57 0.479388 
18.3799 5.9375 6750.81 0.658179 
18.3579 5.91402 5623.27 0.556277 
18.3525 5.89495 5850.95 0.306675 
18.3735 5.88846 6763.59 0.565764 
18.3871 5.88611 6659.26 0.197833 
18.3669 5.87478 5955.19 0.543661 
18.3549 5.86219 5700.95 0.160815 
18.3645 5.86041 5926.15 0.323668 
18.38 5.86336 6319.36 0.206553 
18.3774 5.85866 6076.79 0.356221 
18.3581 5.84834 5523.27 0.418314 
18.3441 5.84213 5124.92 0.212467 
18.3335 5.83948 4779.87 0.269833 
18.3172 5.83575 4477.51 0.369886 
18.3006 5.83118 4396.79 0.295504 
18.2895 5.82964 4453.19 0.161272 
18.2849 5.83138 4610.48 0.0326169 
18.2868 5.83081 4881.11 0.107709 
18.2932 5.82728 5214.98 0.15232 
18.298 5.82571 5440.05 0.0389644 
18.2982 5.82457 5450.01 0.0560151 
18.3011 5.81998 5321.17 0.172017 
18.3088 5.8146 5211.06 0.170785 
18.314 5.8129 5128.5 0.0592902 
18.3143 5.81763 5002.75 0.150528 
18.3089 5.82455 4909.3 0.220827 
18.2955 5.83068 4932.65 0.373045 
18.2772 5.83809 5026.09 0.368639 
18.2658 5.84377 5102.03 0.114517 
18.2694 5.84545 5161.76 0.209747 
18.2833 5.84414 5215.41 0.305601 
18.2955 5.84585 5350.41 0.200381 
18.2986 5.85772 5521.33 0.305753 
18.3 5.86985 5626.09 0.138138 
18.3051 5.86844 5755.38 0.173928 
18.3088 5.86071 6062.53 0.109097 
18.3101 5.86081 6327.12 0.0652843 
18.3115 5.86518 6236.1 0.102696 
18.3124 5.8688 6012.78 0.0401866 
18.3114 5.86905 5850.38 0.0558577 
18.308 5.86628 5755.56 0.111345 
18.3031 5.86278 5762.49 0.126995 
18.297 5.86192 5880.2 0.111358 
18.2944 5.86336 5975.45 0.037829 
18.2994 5.86402 5928.21 0.148002 
18.306 5.86353 5808.91 0.0971829 
18.3088 5.86204 5718.03 0.0511425 
18.3113 5.8601 5662.37 0.0858108 
18.3165 5.85934 5642.24 0.110884 
18.3209 5.8603 5683.04 0.0653119 
18.3226 5.86154 5736.7 0.024098 
18.3231 5.86231 5738.79 0.018624 
18.3236 5.86344 5714.35 0.0307486 
18.3238 5.865 5687.03 0.0280137 
18.3231 5.86601 5619.62 0.039009 
18.3198 5.86674 5555.02 0.0945986 
18.315 5.86806 5537.79 0.0890773 
18.3124 5.86898 5554.27 0.0184128 
18.3125 5.86783 5581.09 0.0433148 
18.3134 5.86572 5636.32 0.0424567 
18.3149 5.86452 5707.07 0.0334328 
18.3149 5.86341 5751.18 0.049961 
18.3106 5.86148 5780.07 0.132608 
18.3039 5.8597 5788.71 0.128817 
18.2993 5.85809 5771.39 0.0657911 
18.2982 5.85614 5779.07 0.0404317 
18.2996 5.85435 5822.14 0.0500577 
18.3009 5.85293 5829.97 0.026738 
18.2991 5.85169 5791.77 0.0718477 
18.295 5.85144 5737.61 0.0904739 
18.2905 5.85321 5668.53 0.104079 
18.2853 5.85533 5586.5 0.121553 
18.2791 5.85507 5531.63 0.123448 
18.2739 5.85336 5493.62 0.0921278 
18.269 5.85461 5419.89 0.14223 
18.2608 5.85989 5323.66 0.240498 
18.2482 5.86425 5256.45 0.285565 
18.2336 5.86537 5230.53 0.293879 
18.2197 5.86709 5186.02 0.264694 
18.2085 5.87218 5050.86 0.227489 
18.1994 5.87698 4869.94 0.189408 
18.1907 5.87995 4760.58 0.180534 
18.1841 5.8851 4760.4 0.165865 
18.1846 5.89437 4791.7 0.229909 
18.1926 5.90416 4802.74 0.260311 
18.2018 5.91078 4820.12 0.18033 
18.2069 5.91452 4859.55 0.0755684 
18.2079 5.91583 4872.2 0.00923492 
18.2074 5.91319 4838.42 0.0968005 
18.2067 5.90709 4838.85 0.135697 
18.2052 5.90116 4911.1 0.0993333 
18.2035 5.89849 4986.84 0.0301814 
18.2027 5.90023 4994.12 0.0783688 
18.2028 5.90559 5000.33 0.123429 
18.2032 5.91108 5051.58 0.0862504 
18.2044 5.914 5087.74 0.0549858 
18.2071 5.91613 5093.68 0.0835232 
18.2102 5.91901 5093.95 0.073054 
18.2119 5.92028 5095.04 0.0184058 
18.2123 5.91901 5103.25 0.0347229 
18.2122 5.91772 5131.58 0.0149285 
18.2115 5.91736 5149.87 0.0272934 
18.2096 5.91678 5121.99 0.0488749 
18.2075 5.91597 5079 0.0342821 
18.2067 5.9159 5069.46 0.0110176 
18.2073 5.91724 5088.7 0.0478374 
18.2079 5.92031 5113.41 0.0743347 
18.2074 5.92388 5136.04 0.0652087 
18.2049 5.9254 5137.96 0.0711939 
18.2005 5.92441 5092.18 0.104877 
18.1954 5.92366 5021.76 0.0934458 
18.1917 5.92552 4979.37 0.0807437 
18.1905 5.92929 4990.14 0.0798161 
18.1914 5.93291 5031.71 0.0687077 
18.1929 5.93539 5062.61 0.0466868 
18.1941 5.93657 5068.39 0.0206825 
18.1948 5.93626 5056.22 0.0227164 
18.195 5.93476 5037.92 0.0352731 
18.1945 5.93316 5028.44 0.0296226 
18.1937 5.93227 5029.03 0.0164877 
18.1931 5.93209 5029.38 0.0107344 
18.1926 5.93225 5025.72 0.0115957 
18.192 5.93223 5020.13 0.0146801 
18.1913 5.93127 5007.05 0.0364182 
18.1905 5.92895 4987.67 0.0599194 
18.1892 5.92608 4980.72 0.0618046 
18.1872 5.92413 4990.11 0.0532535 
18.1847 5.92357 4994.32 0.0496171 
18.1823 5.92354 4979.45 0.0495301 
18.1795 5.92308 4953.78 0.0647849 
18.176 5.92235 4932.32 0.077626 
18.1722 5.92203 4919.37 0.0708397 
18.1691 5.92222 4906.72 0.0540104 
18.1668 5.92261 4891.02 0.0402749 
18.1651 5.92325 4880.32 0.0311941 
18.1641 5.9242 4877.19 0.0237977 
18.1637 5.92501 4874.19 0.0125577 
18.1635 5.92529 4869.63 0.00410974 
18.1632 5.92516 4869.5 0.00696528 
18.1629 5.92494 4873.1 0.00795562 
18.1626 5.92467 4872.97 0.00898058 
18.1624 5.9242 4868.42 0.0129592 
18.1622 5.92338 4863.67 0.0203363 
18.1622 5.92224 4857.83 0.0240736 
18.1622 5.92116 4849.95 0.0173339 
18.1622 5.9206 4846.38 0.00508548 
18.1622 5.92057 4852.54 0.00295944 
18.1622 5.92078 4863.97 0.00526592 
18.1621 5.92103 4871.55 0.00414325 
18.1621 5.92111 4872.23 0.00201832 
18.1622 5.9208 4871.68 0.0118398 
18.1625 5.92004 4875.44 0.0194518 
18.163 5.91913 4881.42 0.0209435 
18.1636 5.91835 4885.1 0.0194433 
18.1643 5.91771 4887.03 0.0180383 
18.1648 5.91695 4890.2 0.0189097 
18.165 5.91592 4894.56 0.023125 
18.1648 5.91471 4897.49 0.0253109 
18.1645 5.91353 4898.43 0.0226721 
18.1642 5.91257 4898.66 0.0172631 
18.164 5.91188 4896.63 0.0114058 
18.1638 5.91152 4886.91 0.00420123 
18.1638 5.91165 4865.69 0.00965187 
18.164 5.91258 4836.76 0.0294744 
18.1646 5.91445 4811.14 0.0490459 
18.1657 5.91699 4793.64 0.0591317 
18.167 5.91979 4774.43 0.0638574 
18.1685 5.92288 4747.75 0.0760359 
18.1704 5.92657 4741.41 0.0875058 
18.172 5.93041 4767.61 0.0754608 
18.1729 5.93371 4789.67 0.0647982 
18.1744 5.93669 4838.2 0.0686944 
18.1763 5.9385 4930.92 0.0224227 
18.1757 5.93789 4960.13 0.0458705 
18.1744 5.93685 4910.15 0.00305528 
18.1761 5.93764 4914.68 0.0562597 
18.1773 5.9379 4974.09 0.0295109 
18.1745 5.93589 4963.13 0.0831024 
18.1722 5.9352 4929.71 0.0210755 
18.1732 5.93711 4900.53 0.0521607 
18.1743 5.93857 4847.63 0.0207732 
18.1745 5.93963 4873.15 0.0294494 
18.1737 5.94123 4958.99 0.0451695 
18.1712 5.94165 4935.67 0.0499057 
18.1703 5.94114 4889.95 0.01932 
18.1721 5.94115 4966.1 0.0335548 
18.1723 5.94056 5021.94 0.0321553 
18.1714 5.93925 4963.83 0.0203537 
18.1725 5.93877 4919.2 0.0272423 
18.1726 5.93832 4929.57 0.0353793 
18.1702 5.93698 4957.37 0.0571511 
18.1687 5.93548 5000.7 0.0368611 
18.1681 5.93289 4966.61 0.0732963 
18.1667 5.92947 4826.87 0.053128 
18.1671 5.92931 4785.09 0.0541739 
18.1683 5.93245 4902.38 0.0574523 
18.1658 5.93307 4968.46 0.0878957 
18.1626 5.92991 4910.59 0.0727232 
18.1628 5.92791 4892.1 0.0223008 
18.1624 5.92755 4924.79 0.0457442 
18.1596 5.92603 4911.92 0.0616997 
18.1593 5.92431 4899.9 0.0425175 
18.1611 5.92258 4938.28 0.0582474 
18.1597 5.91821 4966.61 0.130917 
18.1558 5.91345 4937.01 0.0889074 
18.1545 5.91335 4814.34 0.0550011 
18.1575 5.91741 4648.89 0.129258 
18.161 5.92232 4650.73 0.0974867 
18.1606 5.92549 4814.72 0.0698247 
18.1567 5.92665 4856.1 0.0705112 
18.1563 5.92946 4769.89 0.0974047 
18.1596 5.93354 4761.02 0.0793735 
18.1595 5.93455 4815.44 0.0562354 
18.1559 5.93393 4867.07 0.0656785 
18.1545 5.93472 4840.35 0.0258687 
18.1555 5.93566 4748.55 0.0247594 
18.1562 5.93648 4727.85 0.0307818 
18.1573 5.93882 4808.42 0.0707864 
18.1599 5.94114 4878.46 0.0546142 
18.1611 5.94026 4864.54 0.0525631 
18.1598 5.93761 4795.96 0.0438881 
18.1593 5.93873 4793.17 0.0763338 
18.1624 5.94283 4889.44 0.108752 
18.167 5.94326 4939.77 0.0981112 
18.1705 5.9402 4907.31 0.0713902 
18.1718 5.93963 4911.81 0.0288445 
18.1706 5.94177 4964.82 0.0588826 
18.1684 5.94251 4982.13 0.0320057 
18.1683 5.94108 4962.91 0.0472577 
18.1698 5.93867 4930.06 0.0570363 
18.1706 5.93694 4852.95 0.0144204 
18.1719 5.93883 4804.16 0.095615 
18.1753 5.94427 4852.12 0.141633 
18.1785 5.94913 4895.27 0.0806691 
18.1794 5.9517 4844.62 0.0448321 
18.1799 5.9546 4801.59 0.0774217 
18.1807 5.95876 4846.6 0.0815501 
18.18 5.96211 4896.48 0.0600082 
18.1793 5.96481 4897.49 0.0649657 
18.1818 5.96862 4914.16 0.110504 
18.1854 5.97186 4956.32 0.0722007 
18.1878 5.97243 4972.59 0.0436376 
18.1904 5.97251 4975.38 0.061253 
18.193 5.97414 4969.21 0.0544045 
18.1936 5.97592 4947.34 0.0266456 
18.1937 5.97692 4953.18 0.03148 
18.1967 5.97842 4991.75 0.102297 
18.2018 5.98113 4993.75 0.116077 
18.2055 5.98461 4955.14 0.0899928 
18.2073 5.98842 4957.83 0.0802671 
18.2089 5.99167 5018.6 0.0625127 
18.2106 5.99366 5054.24 0.0436594 
18.212 5.99543 5028.52 0.0545733 
18.214 5.99834 4999.83 0.083787 
18.2164 6.00191 5013.94 0.0828675 
18.218 6.00501 5047.34 0.0572539 
18.2184 6.00764 5040.97 0.0546704 
18.2194 6.01088 4978.29 0.0889575 
18.2226 6.01562 4912.55 0.137992 
18.2273 6.02166 4895.64 0.162847 
18.2321 6.02836 4939.34 0.163647 
18.236 6.03521 4990.3 0.151183 
18.2388 6.04226 4976.4 0.158789 
18.2421 6.05016 4958.53 0.180268 
18.2462 6.05768 5017.1 0.15208 
18.2498 6.06277 5082.21 0.10162 
18.2527 6.06677 5106.77 0.104424 
18.2553 6.07163 5133.53 0.109375 
18.2569 6.07584 5186.42 0.0657129 
18.2582 6.07773 5253.18 0.0385764 
18.2603 6.07809 5310.89 0.0407818 
18.2613 6.07769 5299.41 0.0122401 
18.2616 6.07687 5218.39 0.0289513 
18.2648 6.07755 5199.98 0.102535 
18.2692 6.08082 5257.31 0.102042 
18.2706 6.08461 5271.71 0.0684369 
18.2707 6.0878 5266.39 0.0637044 
18.2721 6.09039 5324.95 0.0438607 
18.2726 6.09063 5387.29 0.0220922 
18.2717 6.08889 5448.44 0.0551789 
18.2711 6.08331 5601.64 0.201317 
18.2687 6.07015 5719.93 0.292823 
18.2613 6.05953 5669.24 0.216944 
18.2558 6.05463 5444.48 0.0765692 
18.2572 6.05199 5289.24 0.0813822 
18.2588 6.05075 5273.34 0.0366208 
18.2537 6.05236 5166.4 0.154967 
18.2474 6.05792 5024.75 0.187556 
18.2455 6.06723 5061.05 0.174045 
18.2469 6.07207 5228.41 0.0399214 
18.2483 6.06957 5269.89 0.0679545 
18.2482 6.06764 5217.35 0.00535611 
18.2485 6.0684 5239.82 0.0244309 
18.2496 6.06777 5301.02 0.03703 
18.2492 6.06642 5291.18 0.0318652 
18.2475 6.06702 5253.06 0.0319916 
18.2473 6.06703 5260.24 0.0335863 
18.2472 6.06399 5257.68 0.0797679 
18.2446 6.06112 5225.73 0.0756392 
18.2414 6.06221 5222.08 0.0681614 
18.2411 6.06496 5237.47 0.04847 
18.2426 6.06633 5220.62 0.0313554 
18.2434 6.06777 5221.7 0.0437657 
18.2446 6.07024 5281.53 0.0604474 
18.246 6.07226 5310.3 0.0325716 
18.2458 6.07335 5262.13 0.0284987 
18.245 6.07475 5228.07 0.0382533 
18.2457 6.07713 5233.58 0.0596299 
18.2463 6.08009 5217.29 0.0616982 
18.2453 6.08317 5175.59 0.068088 
18.2442 6.08649 5157.58 0.0749021 
18.2437 6.09069 5158.98 0.0945615 
18.2426 6.09559 5137.66 0.10347 
18.241 6.10038 5095.68 0.0971544 
18.2402 6.10521 5068.68 0.103973 
18.2397 6.11099 5059.55 0.129158 
18.238 6.11778 5065.34 0.148713 
18.2347 6.12472 5066.64 0.157259 
18.231 6.13161 5056.95 0.151995 
18.2281 6.13792 5040.13 0.123053 
18.2259 6.14257 5006.2 0.0831515 
18.2249 6.1462 4967.72 0.0759002 
18.2244 6.15059 4925.81 0.10443 
18.2235 6.15661 4878.23 0.137337 
18.2226 6.16386 4855.94 0.150179 
18.2226 6.17114 4867.73 0.13799 
18.2232 6.17746 4887.94 0.116509 
18.2241 6.18287 4916.61 0.104002 
18.2255 6.18763 4963.23 0.095494 
18.2274 6.19165 5002.76 0.0817342 
18.2291 6.19513 5024.85 0.0737861 
18.2309 6.1983 5053.4 0.0721448 
18.2334 6.2006 5085.1 0.0654613 
18.2359 6.20193 5101.1 0.0468146 
18.2375 6.20334 5121.91 0.0416323 
18.2388 6.20519 5165.19 0.0502303 
18.241 6.20674 5194.03 0.0574357 
18.2434 6.20833 5186.71 0.060018 
18.2453 6.21124 5180.52 0.0811986 
18.2469 6.21543 5191.15 0.0951683 
18.248 6.22005 5194.94 0.0944014 
18.2478 6.22489 5182.09 0.101608 
18.2468 6.23006 5168.75 0.107293 
18.246 6.23531 5162.87 0.104114 
18.2457 6.24044 5151.64 0.10272 
18.2455 6.24566 5126.23 0.106296 
18.2458 6.25099 5099.14 0.105933 
18.2464 6.25603 5086.87 0.0954235 
18.2466 6.26054 5087.27 0.0871715 
18.2467 6.26488 5098.5 0.0867491 
18.2472 6.26902 5116.11 0.0774095 
18.2479 6.27236 5119.65 0.060745 
18.2487 6.27525 5110.42 0.0631 
18.2496 6.27865 5117.25 0.0773288 
18.2508 6.28244 5136.54 0.0788968 
18.2522 6.28603 5141.55 0.0762693 
18.2541 6.28947 5140.08 0.0817964 
18.2565 6.293 5133.13 0.0900086 
18.2592 6.29687 5117.06 0.09963 
18.2619 6.30139 5097.71 0.110538 
18.2644 6.30653 5086.55 0.115214 
18.2665 6.3118 5086.01 0.110968 
18.2683 6.31687 5095.96 0.104601 
18.27 6.32171 5110 0.10179 
18.2718 6.32643 5121.56 0.100618 
18.274 6.33083 5137.29 0.0942006 
18.2765 6.33458 5162 0.0884069 
18.2793 6.33794 5183.11 0.087431 
18.2819 6.34152 5190.97 0.0882185 
18.2842 6.34544 5158.04 0.0984782 
18.2875 6.35026 5104.26 0.138053 
18.2921 6.35642 5102.57 0.159173 
18.2957 6.36283 5133.01 0.134387 
18.2969 6.36907 5168.91 0.125584 
18.2968 6.37504 5240.02 0.105209 
18.2965 6.37871 5313.15 0.0373627 
18.2963 6.37883 5335.39 0.0233564 
18.2978 6.37797 5278.43 0.052992 
18.3007 6.37986 5203.64 0.0860571 
18.3016 6.38377 5193.83 0.0738342 
18.2994 6.38597 5225.51 0.0562052 
18.2976 6.38552 5272.16 0.0275753 
18.2986 6.38383 5300.79 0.0539742 
18.3007 6.38239 5316.73 0.0424523 
18.3023 6.38262 5355.57 0.0305781 
18.3028 6.38387 5386.01 0.0160466 
18.3024 6.38324 5360.74 0.0483159 
18.3014 6.37971 5313.29 0.0879363 
18.3004 6.37584 5311.34 0.0633196 
18.2999 6.37371 5349.73 0.0294784 
18.3001 6.37225 5365.03 0.0361316 
18.3004 6.37008 5328.41 0.0520238 
18.2991 6.36726 5269.89 0.0743367 
18.2964 6.36417 5249.77 0.0855428 
18.2938 6.36089 5268.57 0.0810555 
18.2915 6.35792 5264.68 0.0664682 
18.2894 6.35611 5234.87 0.0473522 
18.2875 6.35523 5221.24 0.0373718 
18.2858 6.3542 5224.86 0.0439279 
18.2841 6.35265 5218.52 0.0476483 
18.2827 6.35112 5195.77 0.0323274 
18.282 6.35025 5164.06 0.0114317 
18.2818 6.35017 5138.85 0.00577749 
18.2816 6.3503 5140.62 0.00381975 
18.2814 6.34978 5160.08 0.0195725 
18.2814 6.34851 5164.86 0.0281031 
18.2812 6.34729 5145.26 0.0191774 
18.2807 6.3469 5120.75 0.0137539 
18.2798 6.34764 5105.13 0.0320912 
18.2788 6.34925 5093.7 0.0409161 
18.2782 6.35105 5087.58 0.0340586 
18.278 6.35243 5094.77 0.0216649 
18.2779 6.3533 5108.42 0.0157039 
18.2776 6.35411 5112.98 0.0189093 
18.2776 6.35519 5107.23 0.0244803 
18.2781 6.35637 5105.5 0.0253704 
18.2786 6.35735 5117.09 0.018256 
18.2787 6.35813 5139.77 0.0156822 
18.2783 6.35883 5152.05 0.01604 
18.2781 6.35952 5136.74 0.0153419 
18.2786 6.36037 5118.83 0.0255354 
18.2795 6.36122 5127.57 0.0216082 
18.28 6.36166 5153.47 0.00416855 
18.2794 6.36173 5167.46 0.0172567 
18.2785 6.36186 5162.12 0.0198806 
18.2776 6.36206 5154.02 0.0165186 
18.2768 6.36199 5152.88 0.0148784 
18.2762 6.36189 5151.88 0.0104435 
18.2758 6.36233 5144.98 0.0157716 
18.2755 6.36319 5134.67 0.0190309 
18.2751 6.36402 5126.02 0.0194152 
18.2745 6.36491 5125.54 0.0225519 
18.2743 6.36622 5102.47 0.0341442 
18.2747 6.36863 5034.72 0.0675969 
18.2762 6.37294 4952.75 0.115536 
18.279 6.37949 4897.31 0.16775 
18.2815 6.38646 5093.74 0.0949787 
18.2803 6.38671 5296.06 0.104206 
18.2765 6.38155 5236.88 0.101813 
18.2774 6.38102 5020.34 0.12585 
18.2873 6.38671 4876.4 0.312083 
18.3009 6.39505 4914.14 0.276944 
18.3026 6.40539 5003.27 0.259131 
18.2922 6.41695 4949.86 0.322313 
18.2871 6.43017 4825.91 0.268169 
18.2901 6.4414 4850.58 0.169949 
18.2912 6.4445 5120.49 0.0330721 
18.291 6.44045 5436.31 0.103845 
18.2939 6.43703 5470.06 0.0666511 
18.2947 6.43584 5278.6 0.0450176 
18.2921 6.43231 5152.82 0.114464 
18.2905 6.42843 5155.5 0.0346399 
18.2941 6.43014 5155.05 0.155546 
18.3007 6.43505 5181.87 0.125749 
18.3008 6.43638 5238.49 0.113277 
18.2911 6.43519 5220.53 0.229146 
18.2833 6.43653 5208.75 0.0734423 
18.2864 6.43938 5224.67 0.139526 
18.292 6.43966 5243.33 0.0604865 
18.2919 6.43854 5231.39 0.0410066 
18.291 6.4389 5240.81 0.0285374 
18.2929 6.4399 5202.71 0.038254 
18.2926 6.43954 5140.03 0.0633322 
18.2882 6.43758 5168.47 0.104764 
18.2849 6.43576 5215.63 0.0363751 
18.2848 6.43595 5180.61 0.0245651 
18.2849 6.43686 5138.15 0.0185488 
18.2824 6.43628 5144.66 0.0829699 
18.2776 6.43565 5160.48 0.100515 
18.2737 6.43691 5160.85 0.0599853 
18.2732 6.43875 5154.51 0.033489 
18.2747 6.43943 5138.15 0.0337365 
18.2761 6.43915 5104.08 0.0209371 
18.2766 6.43883 5073.66 0.00244459 
18.2763 6.43959 5038.62 0.039574 
18.2754 6.44282 4988.39 0.0927646 
18.2751 6.44819 4957.54 0.117335 
18.2761 6.45403 4960.24 0.118142 
18.2774 6.45987 4956.21 0.124482 
18.2789 6.46657 4921.15 0.152205 
18.2814 6.4744 4913.83 0.170279 
18.284 6.48176 4955.79 0.131787 
18.2845 6.48664 4987.73 0.0710352 
18.2834 6.48927 5017.33 0.0472692 
18.2831 6.49136 5061 0.0460572 
18.2839 6.49384 5062.84 0.0565536 
18.2833 6.49698 5008.44 0.0806224 
18.2803 6.50072 4986.24 0.10567 
18.2771 6.5042 4996.2 0.0774269 
18.2749 6.5068 4943.3 0.0684032 
18.2711 6.50934 4879.58 0.120134 
18.2644 6.51171 4885.77 0.154324 
18.2574 6.51339 4917.7 0.131476 
18.2516 6.51546 4881.55 0.124024 
18.2454 6.5188 4805.91 0.157456 
18.2379 6.52162 4793.34 0.154184 
18.2316 6.52149 4841.87 0.0955553 
18.2291 6.51926 4850.18 0.0445662 
18.2283 6.51853 4802.33 0.0313922 
18.2253 6.52016 4767.12 0.101201 
18.2197 6.52194 4759.69 0.127021 
18.214 6.52346 4741.74 0.10486 
18.2098 6.52589 4705.32 0.0924837 
18.2059 6.52848 4676.69 0.101073 
18.2005 6.53018 4667.5 0.122632 
18.1947 6.53215 4671.55 0.117252 
18.1905 6.53521 4676.22 0.0882355 
18.188 6.53756 4672.97 0.0534679 
18.1853 6.53794 4652.2 0.0647481 
18.1818 6.53838 4611.12 0.0748801 
18.1788 6.54102 4588.53 0.0866563 
18.1765 6.54438 4607.31 0.0689602 
18.1741 6.5458 4633.7 0.0491031 
18.1724 6.54624 4642.52 0.0258085 
18.1731 6.5484 4662.6 0.0736988 
18.1757 6.55125 4713.16 0.0675791 
18.1779 6.55196 4726.48 0.0371376 
18.1801 6.55185 4700.51 0.0587425 
18.1838 6.55368 4705.72 0.102618 
18.1878 6.55604 4718.64 0.0700134 
18.1898 6.55739 4659.44 0.0400135 
18.191 6.56078 4584.1 0.114557 
18.1928 6.56781 4591.48 0.156331 
18.1931 6.57395 4670.49 0.0818608 
18.1905 6.57577 4710.86 0.0699047 
18.1877 6.57797 4699 0.0972616 
18.1878 6.58491 4712.88 0.164568 
18.1888 6.59102 4804.35 0.0527006 
18.1877 6.5896 4842.8 0.0950957 
18.1864 6.586 4784.85 0.0221648 
18.188 6.58855 4692.23 0.125283 
18.1907 6.59448 4652.61 0.106511 
18.1908 6.59749 4678.31 0.0416239 
18.1884 6.59846 4744.88 0.0553149 
18.1868 6.60078 4769.71 0.062931 
18.1864 6.60394 4695.4 0.0637744 
18.1858 6.60759 4596.07 0.0925693 
18.1856 6.61358 4576.09 0.145742 
18.1875 6.62087 4633.03 0.14077 
18.1902 6.62526 4682.48 0.0598884 
18.1911 6.62586 4706.88 0.00727048 
18.1898 6.62588 4758 0.0423703 
18.1873 6.6264 4802.5 0.0567493 
18.1844 6.62634 4776.36 0.0583627 
18.1818 6.62648 4725.45 0.0447472 
18.1802 6.62747 4717.51 0.0286125 
18.1791 6.62741 4733.4 0.0368937 
18.177 6.6255 4721.62 0.0693392 
18.1739 6.62414 4700.4 0.0670459 
18.1708 6.62433 4703.08 0.0545532 
18.1685 6.62406 4707.22 0.0434566 
18.1667 6.62299 4693.23 0.0353984 
18.1652 6.62313 4684.49 0.0356532 
18.1636 6.62417 4684.03 0.0360015 
18.1618 6.62406 4668.93 0.0415568 
18.1599 6.6232 4644.61 0.0397132 
18.1581 6.62321 4631.4 0.0345838 
18.1565 6.62363 4630.01 0.0313181 
18.1549 6.62344 4630.37 0.0363484 
18.1529 6.6234 4626.85 0.0453944 
18.1504 6.62417 4614.08 0.0550299 
18.1478 6.62466 4594.41 0.0507211 
18.1455 6.62398 4582.67 0.0455206 
18.1438 6.62295 4586.65 0.0320549 
18.1426 6.62258 4593.95 0.0243883 
18.1412 6.62264 4593.08 0.0309087 
18.1394 6.62242 4587.64 0.0417744 
18.1373 6.62183 4585.39 0.0442991 
18.1355 6.62099 4585.46 0.0335661 
18.1347 6.61985 4583.19 0.0270384 
18.1345 6.6185 4581.86 0.0269008 
18.1342 6.61725 4583.72 0.0255176 
18.1334 6.61616 4585.73 0.0267357 
18.1327 6.6152 4577.01 0.0213576 
18.1321 6.61457 4563.19 0.0123077 
18.1316 6.61433 4558.45 0.010834 
18.1311 6.61418 4561.42 0.0113761 
18.1307 6.61389 4567.44 0.00925625 
18.1304 6.61359 4569.09 0.00707894 
18.1301 6.61338 4565.44 0.00977072 
18.1295 6.6131 4563.11 0.0133501 
18.1291 6.61256 4568.24 0.0147804 
18.129 6.61175 4576.34 0.0180604 
18.1291 6.6108 4576.66 0.0195018 
18.1292 6.6099 4567.38 0.0162997 
18.1293 6.60924 4557.49 0.0100854 
18.1292 6.60887 4552.84 0.00601259 
18.129 6.60867 4550.65 0.00574233 
18.1288 6.60854 4548.41 0.0039426 
18.1287 6.60844 4547.82 0.00206152 
18.1287 6.60833 4548.67 0.0028586 
18.1285 6.6082 4547.51 0.00516246 
18.1282 6.60809 4542.99 0.00674984 
18.1279 6.60801 4537.73 0.0065045 
18.1276 6.60781 4534.8 0.00727745 
18.1275 6.60744 4534.88 0.00890263 
18.1274 6.607 4536.04 0.00865379 
18.1275 6.60661 4535.42 0.00700729 
18.1275 6.60633 4532.02 0.00429976 
18.1273 6.60621 4527.83 0.00471584 
18.1271 6.60625 4525.31 0.00562068 
18.1268 6.60638 4524.13 0.00424477 
18.1267 6.60651 4522.12 0.00342991 
18.1266 6.60666 4518.97 0.00448329 
18.1265 6.60691 4516.33 0.0060859 
18.1265 6.60725 4514.34 0.00742179 
18.1265 6.60765 4510.94 0.00878516 
18.1266 6.60814 4505.28 0.0110066 
18.1266 6.60875 4499.44 0.0132971 
18.1267 6.60944 4495.49 0.014603 
18.1268 6.61019 4492.95 0.0156033 
18.1269 6.611 4490.34 0.0175453 
18.1271 6.61194 4486.8 0.0206151 
18.1272 6.61306 4481.88 0.0246799 
18.1274 6.6144 4475.77 0.0295491 
18.1277 6.61596 4469.56 0.0336744 
18.1281 6.61766 4463.11 0.0362267 
18.1286 6.61948 4455.06 0.0399427 
18.1293 6.62155 4442.26 0.0484103 
18.1304 6.62416 4413.28 0.0675003 
18.1324 6.62791 4366.27 0.104903 
18.1357 6.63324 4342.92 0.140978 
18.1395 6.63894 4395.77 0.120655 
18.142 6.6422 4481.02 0.0401264 
18.1424 6.64309 4474.42 0.0259773 
18.1433 6.64698 4368.16 0.148436 
18.1465 6.6571 4293.14 0.255755 
18.1504 6.66821 4376.32 0.180882 
18.1521 6.67186 4543.57 0.0243559 
18.1515 6.66828 4619.23 0.0765506 
18.1519 6.66809 4555.16 0.0894769 
18.1533 6.67565 4481.59 0.183599 
18.1526 6.68265 4516.04 0.0832923 
18.1497 6.68249 4573.52 0.0788436 
18.1483 6.68078 4592.09 0.0169934 
18.15 6.68446 4565.76 0.1233 
18.1507 6.68965 4543.26 0.0723985 
18.1479 6.6906 4519.67 0.0680938 
18.1461 6.69056 4508.17 0.0396514 
18.149 6.69548 4482.9 0.179683 
18.1542 6.70352 4437.61 0.175202 
18.157 6.70946 4395.93 0.0930143 
18.1576 6.71382 4396.72 0.102491 
18.1589 6.7206 4444.62 0.170863 
18.1607 6.72907 4514.7 0.153675 
18.1604 6.73422 4569.13 0.0625372 
18.1575 6.73489 4597.13 0.0659522 
18.1548 6.73541 4622.05 0.0518665 
18.1536 6.73806 4625.44 0.0600554 
18.1529 6.73999 4593.27 0.022489 
18.1516 6.73938 4553.02 0.0415114 
18.1499 6.73854 4550.23 0.0317221 
18.1484 6.73955 4571.58 0.0444861 
18.1472 6.74138 4572.06 0.0401767 
18.1463 6.7427 4548.09 0.0250895 
18.1462 6.74404 4527.79 0.0347217 
18.1468 6.74634 4490.09 0.0632903 
18.1485 6.75038 4391.88 0.117393 
18.1518 6.75762 4272.36 0.20412 
18.1565 6.76863 4227.05 0.262401 
18.1601 6.78073 4304.44 0.22574 
18.1605 6.78953 4440.4 0.12793 
18.1587 6.79382 4553.51 0.0717852 
18.1567 6.79634 4626.97 0.0615879 
18.1546 6.79859 4654.3 0.0632741 
18.1513 6.79916 4628.92 0.0738087 
18.1481 6.79842 4592.17 0.0456862 
18.1469 6.79842 4597.41 0.014367 
18.1459 6.79834 4613.85 0.0391175 
18.1433 6.7967 4588.23 0.0733578 
18.1405 6.7958 4563.34 0.0438358 
18.1393 6.79745 4576.87 0.0456472 
18.1393 6.79898 4592.34 0.00744644 
18.1392 6.79821 4581.26 0.0298159 
18.1385 6.79726 4565.63 0.0227665 
18.1369 6.79826 4544.89 0.0522182 
18.1346 6.7999 4515.24 0.0562884 
18.1319 6.80049 4496.14 0.0584926 
18.1289 6.80069 4499.04 0.061499 
18.126 6.80169 4513.24 0.0598364 
18.1234 6.80286 4519.79 0.0544204 
18.1204 6.80282 4494.17 0.0708667 
18.1165 6.80201 4439.69 0.0845339 
18.1124 6.80194 4397.91 0.0811652 
18.1086 6.80279 4393.01 0.0722289 
18.1055 6.80377 4409.32 0.0556944 
18.1035 6.80482 4423.15 0.0356915 
18.1028 6.80588 4424.42 0.0156394 
18.1029 6.80587 4418.82 0.019743 
18.1034 6.80412 4417.18 0.0486426 
18.1037 6.80167 4420.9 0.0449026 
18.1034 6.79994 4422.42 0.0268064 
18.1025 6.79904 4420.27 0.0277383 
18.1013 6.79813 4418.52 0.0331712 
18.1002 6.79688 4416.34 0.0319668 
18.0995 6.79567 4410.35 0.0247612 
18.0987 6.7948 4400.2 0.022633 
18.0977 6.79417 4389.53 0.0276865 
18.0962 6.79382 4382.46 0.0294749 
18.0948 6.79403 4377.58 0.0304572 
18.0934 6.79469 4367.86 0.0311008 
18.0921 6.79524 4358.1 0.0250198 
18.0911 6.79548 4353.25 0.0132204 
18.0908 6.79576 4352.67 0.00962729 
18.0911 6.79655 4337.56 0.0247138 
18.0918 6.79814 4293.82 0.0462567 
18.0931 6.80082 4246.93 0.0713092 
18.095 6.80425 4223.83 0.0830251 
18.0972 6.80782 4217.29 0.0843679 
18.0993 6.81163 4225.52 0.0920836 
18.1014 6.81589 4261.2 0.0942503 
18.1028 6.81994 4315.09 0.0739218 
18.1031 6.82288 4374.53 0.0451944 
18.1025 6.82438 4428.23 0.0223292 
18.1017 6.82462 4441.76 0.0137129 
18.1013 6.82445 4429.51 0.00446457 
18.1011 6.82451 4434.35 0.00457558 
18.1007 6.82471 4447.48 0.0136504 
18.1001 6.82513 4440.22 0.0170002 
18.0997 6.82579 4430.64 0.0118878 
18.0996 6.82599 4426.39 0.00489863 
18.0996 6.82547 4419.69 0.011921 
18.0999 6.82526 4418.31 0.0091917 
18.1 6.8261 4422.94 0.0243889 
18.0993 6.82728 4416.81 0.029657 
18.0982 6.82809 4406.01 0.0214727 
18.0975 6.82855 4403.99 0.0133986 
18.0968 6.8288 4397.97 0.0179512 
18.0959 6.82894 4383.29 0.0207818 
18.0949 6.82918 4374.33 0.0188626 
18.0939 6.82949 4377.39 0.0224731 
18.0927 6.82958 4378.21 0.0266739 
18.0915 6.82933 4376.85 0.0203166 
18.0909 6.82894 4381.3 0.00870391 
18.091 6.82871 4387.55 0.00607674 
18.0915 6.82888 4390.14 0.0162904 
18.0924 6.82929 4391.52 0.0230067 
18.0936 6.8294 4393.23 0.0268315 
18.095 6.82891 4395.61 0.0325416 
18.0965 6.8281 4401.81 0.0319145 
18.0977 6.82742 4411.85 0.0235965 
18.0985 6.82699 4421.31 0.0147184 
18.0991 6.82666 4427.09 0.0126463 
18.0997 6.82623 4428.25 0.0180932 
18.1006 6.82562 4426.04 0.0243753 
18.1016 6.82487 4425.36 0.0247015 
18.1025 6.82417 4430.31 0.0197373 
18.1032 6.82366 4439.7 0.0149434 
18.1038 6.82345 4449.35 0.014322 
18.1046 6.82346 4455.69 0.016612 
18.1055 6.82343 4457.48 0.0190361 
18.1065 6.82312 4463.16 0.0225695 
18.1075 6.82247 4471.13 0.0249214 
18.1084 6.82165 4478.12 0.0225251 
18.109 6.82089 4481.41 0.0166218 
18.1094 6.8204 4474.75 0.0110587 
18.1101 6.82045 4455.03 0.0188169 
18.1111 6.82132 4441.97 0.0346835 
18.1123 6.82253 4460.11 0.0292557 
18.1133 6.82305 4459.73 0.019673 
18.1145 6.82398 4416.21 0.0503679 
18.1162 6.82722 4404.54 0.0889884 
18.1168 6.83129 4437.24 0.0697711 
18.1154 6.83387 4445.69 0.0534979 
18.1141 6.83605 4435.82 0.0537829 
18.1147 6.83899 4431.87 0.0637968 
18.1168 6.84112 4398.17 0.0617019 
18.1206 6.84286 4325.92 0.11728 
18.1275 6.84807 4245.75 0.233968 
18.1372 6.85877 4168.54 0.334466 
18.148 6.87244 4161.58 0.345882 
18.1578 6.88408 4295.9 0.244981 
18.1641 6.88997 4444.36 0.105416 
18.1662 6.89395 4437.86 0.123244 
18.1674 6.90396 4394.97 0.276404 
18.1696 6.91871 4506.55 0.281521 
18.1716 6.92873 4644.67 0.119467 
18.1722 6.93233 4657.1 0.0616602 
18.172 6.93702 4704.85 0.123378 
18.1707 6.94218 4784.63 0.0649703 
18.1695 6.9418 4718.36 0.0493052 
18.1701 6.94076 4616.59 0.0400414 
18.1696 6.94572 4643.63 0.142383 
18.1666 6.95102 4699.48 0.0818611 
18.1647 6.95089 4668.65 0.0318818 
18.1645 6.95084 4640.9 0.0510279 
18.1617 6.95531 4625.16 0.139792 
18.158 6.95991 4578.11 0.0776981 
18.1574 6.96192 4534.25 0.0382308 
18.1571 6.96502 4545.69 0.101235 
18.1533 6.97053 4566.21 0.150692 
18.1489 6.97494 4555.83 0.0864084 
18.1471 6.97681 4522.13 0.0310658 
18.1465 6.97849 4506.95 0.0455067 
18.1461 6.98097 4529.29 0.0491524 
18.1467 6.98289 4564.21 0.0333607 
18.1478 6.98386 4560.42 0.0267799 
18.1487 6.98535 4533.05 0.0474841 
18.1502 6.98782 4530.19 0.0627925 
18.1521 6.98975 4535.07 0.0393417 
18.153 6.99031 4526.99 0.00484121 
18.1525 6.99075 4527.04 0.0254349 
18.1516 6.99234 4538.11 0.0465786 
18.1508 6.9945 4535.92 0.0391344 
18.1509 6.99583 4531.08 0.0169687 
18.1516 6.99614 4544.07 0.0174432 
18.1526 6.99637 4560.2 0.0243901 
18.1538 6.99719 4562.97 0.0341419 
18.1549 6.99846 4563.23 0.0302533 
18.155 6.99981 4569.42 0.0262948 
18.1547 7.00091 4577.01 0.0183344 
18.1553 7.00172 4583.9 0.0271703 
18.1564 7.00281 4583.69 0.0351708 
18.157 7.00474 4571.79 0.0469407 
18.157 7.00725 4560.96 0.0513301 
18.1572 7.00968 4561.72 0.0452534 
18.1573 7.0118 4565.88 0.0407496 
18.1571 7.01378 4561.16 0.0388068 
18.1571 7.01568 4552.88 0.0381316 
18.1572 7.01769 4545.02 0.0435168 
18.1569 7.02011 4533.14 0.0542032 
18.1564 7.02295 4514.59 0.0603142 
18.1565 7.02608 4501.89 0.0653447 
18.1567 7.02948 4495.94 0.0705288 
18.1562 7.03307 4487.47 0.0736318 
18.1556 7.03667 4475.88 0.0726385 
18.1555 7.04044 4459.23 0.0813596 
18.1559 7.04501 4425.59 0.103876 
18.1568 7.05096 4357.28 0.141054 
18.1597 7.05917 4264.01 0.214231 
18.1655 7.07098 4186.98 0.312555 
18.1738 7.08621 4161.07 0.366822 
18.1822 7.10198 4177.18 0.335045 
18.1891 7.11491 4245.89 0.245618 
18.1935 7.12317 4432.65 0.123174 
18.1937 7.1262 4665.1 0.0447497 
18.1907 7.12672 4790.69 0.0676876 
18.1891 7.13043 4818.96 0.121963 
18.1904 7.13732 4791.84 0.134427 
18.1918 7.14175 4725.79 0.0481946 
18.1927 7.14245 4731.4 0.0183066 
18.1935 7.14237 4811.7 0.0134357 
18.194 7.14286 4822.42 0.0193135 
18.1943 7.14413 4801.49 0.0335705 
18.1933 7.14589 4827.52 0.0489251 
18.1915 7.14711 4829.88 0.0286241 
18.1916 7.14844 4806.6 0.0442294 
18.1919 7.15132 4817.61 0.0731598 
18.1892 7.15498 4793.17 0.106968 
18.185 7.15844 4753.91 0.103257 
18.182 7.16205 4751.13 0.090786 
18.18 7.16637 4755.18 0.100175 
18.1781 7.17099 4746.45 0.0970819 
18.1759 7.1748 4722.78 0.0778961 
18.1735 7.17716 4688.54 0.0554298 
18.1718 7.17752 4655.53 0.0205556 
18.1727 7.17557 4634.31 0.0697228 
18.1749 7.17274 4626.75 0.05802 
18.175 7.17149 4616.77 0.0328233 
18.1725 7.17255 4619.29 0.0622991 
18.1712 7.17441 4647.24 0.0322338 
18.173 7.17524 4679.21 0.0563114 
18.176 7.17413 4686.82 0.0730892 
18.1787 7.17119 4680.17 0.0857922 
18.1812 7.1679 4682.21 0.0750534 
18.1838 7.16631 4748.27 0.0461366 
18.1835 7.16432 4968.97 0.124643 
18.1744 7.15529 5079.29 0.363746 
18.1639 7.1423 4927.98 0.236793 
18.1675 7.13693 4596.01 0.223643 
18.1812 7.14345 4282.58 0.356085 
18.1919 7.15743 4164.53 0.337287 
18.1988 7.17077 4249.07 0.264265 
18.2072 7.18053 4356.55 0.27033 
18.2171 7.19215 4358.38 0.348614 
18.226 7.20859 4372.26 0.376407 
18.2333 7.22279 4566.68 0.237708 
18.2379 7.22827 4809.34 0.0600857 
18.2379 7.2296 4887.28 0.0571241 
18.2355 7.23324 4809.07 0.100347 
18.2338 7.23628 4779.42 0.0264417 
18.2333 7.23544 4807.44 0.0292468 
18.2333 7.23612 4793.37 0.074176 
18.2334 7.24236 4752 0.149479 
18.2334 7.24816 4756.44 0.0640203 
18.2337 7.24905 4778.98 0.0203473 
18.2355 7.24974 4821.23 0.070862 
18.2388 7.25304 4836.27 0.0999996 
18.2424 7.25506 4802.66 0.0667487 
18.2448 7.25514 4786.46 0.0257383 
18.2446 7.25694 4813.49 0.0703425 
18.2427 7.26083 4815.19 0.0913463 
18.2417 7.26503 4774.78 0.0861131 
18.2409 7.26968 4756.87 0.106652 
18.2377 7.27484 4770 0.133817 
18.2335 7.27955 4784.66 0.109682 
18.2318 7.28371 4783.64 0.0798111 
18.2322 7.28733 4765.22 0.0615189 
18.232 7.28954 4754.25 0.0327317 
18.2309 7.29057 4781.7 0.0294844 
18.2299 7.29209 4809.94 0.0458618 
18.2291 7.29461 4785.35 0.0559471 
18.2283 7.29701 4742.24 0.0448368 
18.2271 7.29888 4736.69 0.048871 
18.2252 7.30118 4755.36 0.0696078 
18.2234 7.30443 4767.28 0.0762219 
18.2227 7.30806 4772.99 0.070734 
18.2222 7.31122 4789.39 0.0570826 
18.2207 7.31346 4791.21 0.0557705 
18.2189 7.31585 4709.52 0.0727597 
18.2188 7.32137 4555.86 0.159438 
18.2209 7.33149 4429.19 0.247005 
18.2246 7.34438 4405.01 0.281125 
18.2292 7.35796 4446.24 0.292968 
18.235 7.37192 4474.96 0.31069 
18.2413 7.38618 4487.6 0.305714 
18.2457 7.39963 4561.74 0.254446 
18.2456 7.41058 4744.98 0.190293 
18.2415 7.41772 4913.56 0.142041 
18.2379 7.42176 4936.87 0.0738077 
18.2378 7.42464 4879.95 0.0562665 
18.2392 7.42681 4859.3 0.0447199 
18.2406 7.42885 4877.08 0.0640139 
18.2432 7.43219 4907.58 0.0976063 
18.2451 7.43574 4927.69 0.0532246 
18.2435 7.43714 4913.13 0.0589204 
18.2406 7.43763 4904.84 0.0509387 
18.2393 7.43979 4917.76 0.0630081 
18.2384 7.44302 4905.49 0.0658696 
18.2365 7.44542 4858.83 0.0583831 
18.2342 7.44714 4833.99 0.0557797 
18.232 7.4492 4849.76 0.0681493 
18.2292 7.45173 4860.42 0.0801498 
18.2266 7.45449 4837.42 0.0694147 
18.2251 7.45715 4797.67 0.0550879 
18.2236 7.45963 4769.01 0.0665701 
18.2204 7.46229 4759.93 0.0991864 
18.2161 7.46493 4751.3 0.0938201 
18.2131 7.46704 4729.27 0.0526507 
18.2123 7.46903 4719.07 0.0431826 
18.212 7.47124 4739.74 0.0444868 
18.2107 7.47293 4759.51 0.0402015 
18.2092 7.47385 4750.29 0.0276239 
18.2084 7.47486 4727.07 0.029379 
18.2075 7.4764 4709.73 0.0424206 
18.2061 7.47811 4704.21 0.0412118 
18.2057 7.47991 4715.75 0.0394577 
18.2064 7.48207 4734.66 0.0502869 
18.2073 7.48428 4742.85 0.042546 
18.2081 7.48569 4766.3 0.0181905 
18.2078 7.48588 4792.62 0.0246434 
18.2063 7.48644 4701.01 0.0417334 
18.2083 7.49072 4532.04 0.172855 
18.2163 7.49883 4556.23 0.243206 
18.2208 7.50463 4901.21 0.0503462 
18.2126 7.50129 5025.61 0.265665 
18.2055 7.49804 4784.17 0.0350568 
18.2135 7.50443 4588.45 0.303461 
18.2222 7.51189 4714.51 0.0990597 
18.221 7.51147 4772.09 0.0787045 
18.2233 7.51041 4740.09 0.17585 
18.2351 7.51539 4781.98 0.26077 
18.2406 7.51851 4865.03 0.0286795 
18.2367 7.51552 4779.91 0.0838104 
18.2412 7.51654 4692.66 0.277981 
18.2568 7.52522 4780.67 0.334564 
18.2631 7.53044 4820.02 0.0401069 
18.2584 7.52949 4754.35 0.0862649 
18.259 7.53074 4786.17 0.134383 
18.2669 7.53599 4784.93 0.207988 
18.2736 7.54169 4783.58 0.145619 
18.277 7.54786 4818.7 0.146468 
18.2808 7.55495 4758.48 0.180363 
18.2877 7.5628 4580.51 0.239267 
18.2966 7.5721 4515.89 0.264314 
18.3037 7.5826 4616.14 0.242915 
18.3084 7.59377 4722.55 0.251422 
18.3152 7.60568 4774.61 0.297771 
18.3245 7.61655 4859.01 0.244367 
18.3293 7.62287 4954.63 0.0778238 
18.3282 7.62567 5000.09 0.0672031 
18.329 7.63035 4985.58 0.147223 
18.3346 7.63742 4936.46 0.189149 
18.3394 7.64353 4952.39 0.117874 
18.3404 7.64824 5030.4 0.0818783 
18.3423 7.65154 5081.51 0.0932901 
18.347 7.65498 5079.99 0.132188 
18.35 7.66166 5073.55 0.166146 
18.3518 7.67011 5079.06 0.175011 
18.3557 7.67813 5083.22 0.186152 
18.3603 7.68628 5035.68 0.182865 
18.3617 7.69565 4947.74 0.209681 
18.3593 7.70774 4983.21 0.290036 
18.3457 7.71735 5373.04 0.491865 
18.3115 7.71273 5126.55 0.773442 
18.2832 7.71383 4479.95 0.350148 
18.275 7.72856 4233.06 0.42134 
18.2546 7.74438 4322.53 0.662426 
18.2171 7.74546 4233.24 0.771327 
18.187 7.74113 4013.59 0.410533 
18.1725 7.74852 3886.08 0.411855 
18.1546 7.76835 3855.76 0.608472 
18.1341 7.78448 3943.45 0.34281 
18.131 7.78347 4104.78 0.273508 
18.1463 7.76819 4188.81 0.473635 
18.1572 7.75709 4041.92 0.101794 
18.1579 7.76288 3655.76 0.267475 
18.1604 7.77815 3666.83 0.284102 
18.1632 7.78398 4057.26 0.0596181 
18.1579 7.77629 4181.58 0.233604 
18.1527 7.77429 3931.8 0.109393 
18.1598 7.78382 3777.83 0.323203 
18.173 7.78828 4065.54 0.22219 
18.1766 7.7789 4344.59 0.261142 
18.1714 7.77102 4247.88 0.0595869 
18.1754 7.77926 3952.98 0.357785 
18.1891 7.7926 4086.38 0.321843 
18.1953 7.78752 4981.64 0.45892 
18.1742 7.76137 5280.92 0.741945 
18.1539 7.75931 4394.02 0.217422 
18.1688 7.77937 3435.94 0.687785 
18.1892 7.80315 3671 0.470838 
18.189 7.81527 4386.4 0.278152 
18.1733 7.81777 4671.42 0.231433 
18.1761 7.82913 4403.38 0.420902 
18.1907 7.83803 4414.05 0.154093 
18.1863 7.82673 4563.49 0.44727 
18.1784 7.812 4787.44 0.151887 
18.1948 7.81422 4740.79 0.489261 
18.2081 7.81728 4691.7 0.0940908 
18.1931 7.80726 4373.64 0.48877 
18.1786 7.79901 4417.63 0.0987706 
18.1841 7.80339 4585.67 0.302032 
18.1972 7.80948 4683.23 0.219618 
18.2039 7.81001 4619.45 0.0770985 
18.2069 7.809 4662.15 0.0548469 
18.2069 7.80573 4782.06 0.124849 
18.2013 7.79864 4796.33 0.205729 
18.1979 7.79163 4745.14 0.110387 
18.2053 7.78923 4676.37 0.237531 
18.2175 7.79288 4614.86 0.242117 
18.224 7.79872 4658.95 0.09683 
18.2228 7.79922 4795.23 0.106289 
18.218 7.79328 4875.11 0.161515 
18.2141 7.78889 4802.49 0.0713455 
18.2117 7.78891 4664.6 0.0447053 
18.2107 7.79017 4632.14 0.0217823 
18.2123 7.79089 4720.09 0.0514022 
18.2148 7.79065 4771.46 0.0467422 
18.2165 7.78843 4735.01 0.0703209 
18.2179 7.78479 4751.82 0.0783408 
18.218 7.78154 4820.6 0.0572671 
18.2179 7.77888 4822.51 0.0526363 
18.2201 7.77709 4764.64 0.0617453 
18.2217 7.77563 4728.16 0.0467065 
18.2195 7.77193 4726.92 0.115846 
18.2179 7.76676 4770.54 0.0969848 
18.2207 7.76319 4832.36 0.0911203 
18.2239 7.76154 4856.91 0.0499657 
18.2245 7.75946 4853.91 0.0488725 
18.2244 7.75692 4870.03 0.0527309 
18.2248 7.75401 4881.33 0.0660868 
18.2245 7.75032 4869.77 0.080488 
18.2239 7.74637 4871.94 0.0754067 
18.2236 7.74314 4893.1 0.053743 
18.2232 7.74095 4905.05 0.0375276 
18.223 7.73916 4890.85 0.0376975 
18.2235 7.73708 4859.91 0.0469647 
18.2242 7.73487 4835.04 0.0445895 
18.2245 7.73284 4833.49 0.0386371 
18.2243 7.73098 4843.47 0.0360328 
18.2241 7.7293 4853.06 0.0329989 
18.224 7.72749 4879.81 0.0421014 
18.2241 7.72488 4915.46 0.0622236 
18.2243 7.72149 4937.91 0.0706297 
18.2248 7.71819 4923.43 0.0609745 
18.2252 7.71557 4893.34 0.0456074 
18.2248 7.71352 4872.24 0.0417306 
18.2237 7.71169 4867.3 0.0439655 
18.2227 7.70957 4871.57 0.0503882 
18.222 7.70694 4882.68 0.0570473 
18.2217 7.70412 4904.09 0.055713 
18.2216 7.70138 4927.31 0.0549662 
18.2217 7.69858 4939.32 0.0566712 
18.2215 7.69582 4945.67 0.0535405 
18.2207 7.69338 4960.11 0.0491497 
18.2199 7.69113 4981.64 0.0483015 
18.2193 7.68864 4997.68 0.055154 
18.2187 7.68568 4999.36 0.06595 
18.2175 7.68235 4990.92 0.074515 
18.216 7.67896 4987.53 0.0722667 
18.2145 7.67589 4996.42 0.0654368 
18.2128 7.67312 5008.77 0.0655024 
18.211 7.67025 5018.52 0.0705085 
18.2091 7.66703 5028.79 0.0780666 
18.207 7.66346 5039.33 0.0879684 
18.2044 7.65974 5046.66 0.0946122 
18.2013 7.65613 5050.15 0.0946824 
18.198 7.65275 5049.82 0.0955338 
18.1943 7.64944 5048.6 0.102831 
18.19 7.64604 5051.18 0.11686 
18.1847 7.64246 5062.46 0.143076 
18.1776 7.6384 5064.14 0.182484 
18.1692 7.63385 5012.68 0.193171 
18.1612 7.62972 4939 0.162482 
18.1542 7.62662 4893.22 0.151921 
18.1463 7.62475 4871.83 0.181335 
18.1356 7.62453 4872.29 0.253113 
18.1214 7.62332 4784.16 0.302362 
18.1092 7.61969 4521.36 0.170657 
18.1056 7.62236 4291.67 0.138332 
18.1088 7.63029 4260.11 0.167545 
18.1129 7.63385 4324.08 0.0621787 
18.1148 7.63154 4346.54 0.0692913 
18.1151 7.62895 4319.89 0.0288257 
18.1145 7.62878 4266.9 0.0226763 
18.1148 7.63104 4191.62 0.08725 
18.1179 7.63692 4347.73 0.144958 
18.1074 7.64063 5015.02 0.55757 
18.0715 7.62971 4683.72 0.684969 
18.0611 7.62521 4060.14 0.257441 
18.0877 7.6307 3825.2 0.682047 
18.1151 7.63642 4079.76 0.351486 
18.1194 7.63968 4210.58 0.14458 
18.1082 7.64186 4318.12 0.243287 
18.1002 7.64292 4402.51 0.064989 
18.1002 7.64374 4314.57 0.0402683 
18.1003 7.64511 4171.91 0.0376171 
18.0982 7.64299 4141.63 0.109083 
18.102 7.63501 4252.82 0.252376 
18.1134 7.62819 4366.05 0.246097 
18.1211 7.62915 4314.26 0.0887771 
18.1189 7.63236 4176.13 0.0981274 
18.1155 7.63042 4180.86 0.0859143 
18.118 7.62676 4308.55 0.100622 
18.123 7.62903 4359.16 0.147088 
18.1262 7.63674 4300.2 0.17054 
18.1275 7.64337 4284 0.0851375 
18.1262 7.64471 4299.43 0.0663142 
18.122 7.64246 4270.59 0.0968949 
18.1192 7.64195 4257.08 0.0325289 
18.1198 7.6445 4292.19 0.0660719 
18.1204 7.64691 4307.8 0.0298807 
18.1201 7.64737 4308.97 0.0125153 
18.122 7.64571 4359.39 0.0932879 
18.1263 7.64118 4394.28 0.145495 
18.1291 7.63478 4359.29 0.120986 
18.1288 7.63125 4324.64 0.0310408 
18.1268 7.63453 4326.27 0.13629 
18.1252 7.64222 4336.13 0.153766 
18.1253 7.64766 4330.58 0.0544594 
18.1258 7.64758 4311.53 0.0431453 
18.1248 7.6452 4303.45 0.0470489 
18.1232 7.64547 4310.02 0.0531611 
18.123 7.64934 4311.54 0.0975491 
18.1249 7.65405 4292.73 0.104427 
18.1285 7.65839 4211.8 0.130501 
18.1337 7.66553 4035.33 0.239495 
18.1416 7.67904 3865.06 0.377072 
18.1505 7.69692 3845.6 0.394755 
18.157 7.71218 4036.85 0.244341 
18.1597 7.71832 4346 0.0381894 
18.1616 7.71654 4523.43 0.0734962 
18.1648 7.71641 4425.18 0.0958242 
18.1672 7.72335 4231.12 0.197387 
18.1679 7.73413 4198.89 0.217876 
18.17 7.74346 4387.4 0.158731 
18.1736 7.74733 4605.22 0.0453933 
18.1726 7.74547 4593.57 0.101673 
18.1681 7.74284 4454.87 0.0770078 
18.1669 7.74288 4427.83 0.0298688 
18.1681 7.74438 4480.05 0.0342102 
18.1663 7.74657 4464.49 0.0862322 
18.1636 7.7506 4402.45 0.102182 
18.1628 7.7551 4378 0.0740341 
18.1608 7.75758 4385.39 0.0814759 
18.1557 7.75941 4393.38 0.125378 
18.1512 7.76228 4388.5 0.074367 
18.1512 7.76406 4369.49 0.0392235 
18.1531 7.76418 4370.22 0.0202911 
18.1517 7.76647 4390.77 0.112925 
18.1465 7.77135 4390.43 0.145165 
18.1411 7.7728 4354.13 0.0984628 
18.1374 7.76918 4299.49 0.102363 
18.1354 7.7666 4303.31 0.0283235 
18.1343 7.76835 4372.37 0.0605294 
18.133 7.77031 4413.57 0.0316895 
18.1315 7.76937 4365.16 0.042476 
18.1305 7.76813 4307.74 0.0204273 
18.1291 7.76841 4303.25 0.0397686 
18.127 7.76819 4327.99 0.0463319 
18.126 7.76622 4346.95 0.0502861 
18.1277 7.764 4346.37 0.0605971 
18.13 7.76309 4330.66 0.0294559 
18.1301 7.76329 4322.42 0.023316 
18.1284 7.76356 4338.14 0.0387362 
18.127 7.76331 4357.76 0.0177287 
18.1268 7.76273 4355.4 0.0116423 
18.1268 7.76237 4342.79 0.00756873 
18.126 7.76241 4355.25 0.025945 
18.1245 7.76257 4381.56 0.0289826 
18.1233 7.76279 4382.76 0.0218699 
18.1223 7.76303 4356.69 0.0228922 
18.1209 7.76279 4334.17 0.0353386 
18.1192 7.76178 4336.53 0.0382757 
18.1182 7.7606 4355.79 0.0239639 
18.1177 7.75994 4358.96 0.0107415 
18.1171 7.75993 4332.37 0.0171996 
18.1161 7.76035 4306.54 0.0244533 
18.1149 7.76086 4302.87 0.0285994 
18.1134 7.76128 4309.2 0.0322827 
18.1118 7.76175 4304.2 0.0314242 
18.1104 7.76238 4287.36 0.032237 
18.1088 7.76307 4266.57 0.0404717 
18.1066 7.76381 4254.64 0.0495108 
18.1043 7.76473 4232.4 0.045922 
18.1033 7.76633 4163.21 0.0458028 
18.1051 7.76958 4080.78 0.109927 
18.1097 7.77447 4052.14 0.147991 
18.1146 7.77969 4077.12 0.131835 
18.118 7.78452 4131.83 0.106686 
18.1202 7.78878 4214.95 0.0821143 
18.1214 7.79154 4295.89 0.0371079 
18.1215 7.79267 4316.14 0.0199973 
18.1213 7.7941 4311.24 0.040491 
18.1217 7.79617 4332.38 0.0335515 
18.1214 7.79678 4328.6 0.0226332 
18.1199 7.79645 4277.88 0.0304418 
18.1189 7.7979 4250.56 0.0515925 
18.119 7.80072 4258.69 0.0531612 
18.12 7.80304 4210.33 0.0646429 
18.124 7.80756 4094.04 0.191912 
18.1315 7.81785 4070.67 0.294299 
18.1372 7.82966 4201.54 0.197676 
18.1373 7.83453 4361.37 0.0338 
18.1358 7.8319 4399.73 0.0696854 
18.1362 7.83146 4288.32 0.0752627 
18.1365 7.8391 4155.28 0.21204 
18.136 7.84996 4170.61 0.196205 
18.1359 7.85704 4308.35 0.0840347 
18.135 7.85939 4397.25 0.055596 
18.1317 7.86179 4354.94 0.101758 
18.13 7.86713 4287.27 0.123206 
18.1313 7.87246 4269.81 0.0862636 
18.1326 7.87466 4273.29 0.0246727 
18.1325 7.87653 4302.6 0.0685561 
18.1325 7.88175 4320.84 0.128399 
18.1337 7.88702 4299.09 0.069422 
18.1353 7.88702 4279.34 0.0499718 
18.1353 7.88546 4291.35 0.0229841 
18.1349 7.89049 4288.8 0.179247 
18.1369 7.90068 4275.68 0.201526 
18.14 7.90653 4276.49 0.0534987 
18.1406 7.90525 4293.04 0.0537493 
18.1396 7.90471 4330.24 0.0530942 
18.1406 7.91045 4287.26 0.166728 
18.1452 7.91774 4210.55 0.166703 
18.1523 7.92079 4186.16 0.153994 
18.1598 7.92269 4217.64 0.166767 
18.1661 7.93124 4259.72 0.272638 
18.1702 7.94525 4247.67 0.28215 
18.1746 7.95646 4163.93 0.218149 
18.1847 7.96443 4141.85 0.315656 
18.1985 7.97538 4293.54 0.36514 
18.2069 7.98848 4538.88 0.230646 
18.2069 7.99382 4672.28 0.0512852 
18.2044 7.98847 4647.96 0.160867 
18.2021 7.9825 4594.17 0.0793725 
18.1984 7.98322 4538.58 0.111071 
18.1951 7.98704 4521.98 0.0675855 
18.1961 7.98837 4554.55 0.0522303 
18.1981 7.98725 4577.73 0.0266714 
18.1972 7.98702 4540.68 0.0419608 
18.196 7.98829 4509.86 0.0238328 
18.1978 7.98852 4526.55 0.0592424 
18.2005 7.98751 4545.1 0.0420083 
18.2014 7.98858 4526.2 0.0579955 
18.2008 7.9925 4492.08 0.0828793 
18.1996 7.99478 4469.76 0.0302325 
18.1976 7.99266 4441.37 0.0853614 
18.1948 7.98978 4412.42 0.0663094 
18.1922 7.98999 4396.85 0.0536616 
18.1905 7.99167 4382.83 0.0333241 
18.1894 7.99154 4357.9 0.0313412 
18.1882 7.99006 4343.63 0.0399046 
18.1863 7.9896 4348.77 0.0417925 
18.1848 7.99051 4342.11 0.0257668 
18.1857 7.9915 4315.2 0.0471845 
18.1885 7.99205 4292.47 0.0576887 
18.1904 7.99263 4285.48 0.0215885 
18.1904 7.99348 4275.43 0.0200113 
18.1903 7.99421 4262.76 0.0111941 
18.1908 7.99434 4256.13 0.011041 
18.1908 7.99416 4252.39 0.0111754 
18.19 7.99454 4244.19 0.0226694 
18.1898 7.99576 4232.8 0.030915 
18.1905 7.99729 4230.11 0.0327719 
18.1905 7.99881 4237.28 0.0354523 
18.1891 8.00052 4253.1 0.0509561 
18.1875 8.00231 4266.62 0.0394596 
18.1871 8.00367 4260.61 0.0200469 
18.1872 8.00424 4246.93 0.00331723 
18.1863 8.00426 4226.4 0.0381523 
18.1842 8.0055 4153.93 0.0612935 
18.1848 8.01004 4077.66 0.144894 
18.1899 8.01796 4098.59 0.210645 
18.1939 8.02595 4233.84 0.128684 
18.1919 8.02942 4323.36 0.0853643 
18.1882 8.02835 4295.96 0.0525175 
18.1887 8.02723 4251.11 0.0474482 
18.1907 8.02713 4265.86 0.012303 
18.1893 8.02597 4273.94 0.0594147 
18.1881 8.02415 4268.49 0.0342283 
18.1911 8.02314 4261.66 0.0927555 
18.1959 8.0229 4226.23 0.0871508 
18.1996 8.02392 4174.57 0.0811313 
18.2035 8.02775 4154.96 0.144179 
18.2095 8.03403 4171.19 0.195143 
18.2168 8.04041 4216.74 0.181203 
18.222 8.0455 4273.12 0.104418 
18.2219 8.04925 4333.69 0.0773774 
18.2182 8.05074 4388.59 0.0819329 
18.2152 8.04892 4397.48 0.0705668 
18.2151 8.04542 4371.16 0.0655162 
18.216 8.0436 4375.32 0.0111937 
18.2159 8.04405 4410.65 0.0154046 
18.2162 8.04401 4408.12 0.0310284 
18.218 8.04243 4363.46 0.0514911 
18.2189 8.04109 4346.77 0.0181513 
18.2179 8.04042 4377.28 0.0282853 
18.2176 8.0395 4417.02 0.0299794 
18.2196 8.0388 4420.37 0.0471561 
18.2214 8.03949 4381.94 0.0342061 
18.2219 8.041 4357.66 0.0259999 
18.2223 8.0414 4372.79 0.0154468 
18.2224 8.0399 4386.81 0.0432344 
18.2215 8.03778 4383.64 0.0440947 
18.2206 8.03629 4391.7 0.0273287 
18.2203 8.035 4408.99 0.0301959 
18.22 8.0333 4412.32 0.036604 
18.2194 8.03181 4405.07 0.0256668 
18.2189 8.03116 4403.54 0.00773906 
18.2189 8.03088 4407.41 0.00847934 
18.2191 8.03035 4406.97 0.0128758 
18.2189 8.02976 4406.69 0.0106958 
18.2186 8.02954 4417.42 0.00222981 
18.2187 8.02958 4433.94 0.0043484 
18.219 8.02932 4442.53 0.0136554 
18.2194 8.02838 4443.59 0.0258064 
18.2196 8.02695 4449.76 0.0308908 
18.2195 8.02536 4467.16 0.0330379 
18.2193 8.02358 4488.76 0.0392489 
18.2194 8.02148 4502.53 0.0431269 
18.2195 8.01959 4508.25 0.0297433 
18.2193 8.0187 4513.62 0.0112483 
18.2187 8.01872 4528.51 0.0111698 
18.2183 8.0187 4542.6 0.0092105 
18.2179 8.0181 4545.59 0.0186259 
18.2173 8.01732 4545.63 0.0212364 
18.2165 8.0167 4553.73 0.0164302 
18.2162 8.01604 4567.11 0.0152771 
18.216 8.01521 4578.47 0.0186769 
18.2156 8.0143 4588.11 0.0217579 
18.215 8.01336 4599.39 0.0214021 
18.2146 8.01239 4612.3 0.0202533 
18.2144 8.0114 4625.47 0.020386 
18.2141 8.01043 4637.98 0.0202021 
18.2138 8.00953 4648.09 0.0185023 
18.2134 8.00871 4655.4 0.0172357 
18.213 8.00792 4662.49 0.0186165 
18.2124 8.00713 4671.33 0.0205336 
18.2118 8.00633 4680.95 0.0195434 
18.2114 8.0055 4689.98 0.0186763 
18.211 8.0046 4698.97 0.0197757 
18.2106 8.00366 4709.43 0.0210333 
18.2102 8.0027 4722.09 0.0213831 
18.2098 8.00168 4736 0.022051 
18.2095 8.00059 4748.84 0.0237137 
18.2092 7.99941 4759.49 0.0250843 
18.2089 7.99819 4769.53 0.0251685 
18.2085 7.99698 4780.51 0.0245863 
18.2082 7.9958 4791.84 0.0241962 
18.208 7.99449 4801.44 0.0298117 
18.2081 7.9931 4799.48 0.0270245 
18.2087 7.99215 4779.29 0.0271292 
18.2106 7.99223 4760.82 0.0495194 
18.2131 7.99352 4758.94 0.0583828 
18.2155 7.99473 4760.68 0.0481918 
18.2182 7.99449 4736.78 0.0644481 
18.2219 7.99606 4704.67 0.11319 
18.2277 8.00035 4703.12 0.168774 
18.2357 8.00395 4726.43 0.169704 
18.2417 8.00772 4751.53 0.112218 
18.2436 8.0106 4808.63 0.02152 
18.2423 8.01012 4906.38 0.0564713 
18.2399 8.00873 4962.7 0.0400068 
18.2401 8.00734 4926.04 0.0434267 
18.2415 8.00621 4879.96 0.0130446 
18.2406 8.00629 4897.93 0.0322171 
18.2404 8.00643 4955.17 0.0358979 
18.2433 8.00561 4965.21 0.0589085 
18.2439 8.00498 4920.3 0.0354863 
18.2412 8.00465 4902.28 0.0482233 
18.2409 8.00451 4953.86 0.0328076 
18.2427 8.00546 5007.01 0.039102 
18.2411 8.00704 5011.99 0.0812127 
18.2362 8.0062 4968.26 0.100499 
18.2335 8.00481 4901.95 0.00900374 
18.2353 8.00576 4902.03 0.072206 
18.2378 8.00724 4975.17 0.0271697 
18.2383 8.00656 4953.9 0.0303875 
18.2424 8.00671 4837.33 0.158459 
18.2512 8.01182 4771.84 0.226347 
18.2567 8.02012 4825.64 0.160205 
18.2571 8.02606 4906.16 0.0910566 
18.2577 8.03039 4878.51 0.109341 
18.261 8.0378 4811.46 0.209411 
18.2654 8.04574 4849.84 0.113792 
18.2662 8.04741 4944.17 0.0449615 
18.2631 8.04638 5058.84 0.0643122 
18.2594 8.04637 5224.32 0.117006 
18.2498 8.04582 5194.98 0.26149 
18.2385 8.045 4951.2 0.130191 
18.2392 8.04611 4912 0.138618 
18.2451 8.0485 5195.59 0.0419963 
18.242 8.04756 5337.61 0.105345 
18.2412 8.04565 5103.05 0.0846361 
18.2496 8.04981 4876.6 0.261275 
18.2577 8.05732 4998.56 0.112363 
18.2578 8.05633 5177.84 0.0706216 
18.2589 8.05424 5106.66 0.0979354 
18.2668 8.06029 4898.61 0.301822 
18.2729 8.07593 4850.03 0.33674 
18.2727 8.08644 5101.96 0.0412084 
18.2711 8.07554 5535.24 0.329178 
18.2568 8.06557 5647.38 0.338936 
18.2465 8.06634 5154.7 0.0731704 
18.2505 8.07009 4820.79 0.144618 
18.2527 8.07381 4942.96 0.104593 
18.2478 8.07732 5191.02 0.0762631 
18.2504 8.07582 5156.66 0.159084 
18.2561 8.07521 5019.6 0.0469132 
18.2522 8.08021 5078.7 0.176913 
18.2495 8.08385 5327.85 0.0407207 
18.255 8.08133 5289.12 0.13429 
18.2583 8.08356 5053.24 0.122854 
18.2556 8.09064 5006.41 0.137201 
18.254 8.09351 5146.65 0.0141039 
18.2556 8.09446 5168.45 0.0649086 
18.2555 8.09936 5052.26 0.117687 
18.2532 8.1032 5017.16 0.060923 
18.2508 8.10408 5115.52 0.0520886 
18.2488 8.10682 5194.99 0.0835673 
18.2479 8.11037 5135.16 0.0565279 
18.2483 8.11258 5022.39 0.0389483 
18.2472 8.11493 4980.94 0.0718087 
18.245 8.1183 5019.07 0.0839604 
18.2443 8.12255 5038.85 0.0973831 
18.2453 8.12815 4991.93 0.126954 
18.2459 8.13418 4961.21 0.10845 
18.2445 8.1388 4992.5 0.0942867 
18.2421 8.14335 4998.93 0.112043 
18.2402 8.14866 4927.79 0.10655 
18.2386 8.15301 4856.48 0.0816898 
18.2366 8.15671 4831.89 0.0921751 
18.2342 8.16098 4828.36 0.0981978 
18.233 8.1655 4810.19 0.0946842 
18.2328 8.17091 4781.52 0.126366 
18.2317 8.17777 4745.63 0.142934 
18.229 8.18365 4700.29 0.112642 
18.2264 8.18813 4655.85 0.103632 
18.2241 8.1935 4607.71 0.132136 
18.2223 8.20025 4559.46 0.142759 
18.2217 8.20721 4530.08 0.137216 
18.2206 8.21418 4507.74 0.149924 
18.2177 8.22165 4466.61 0.168278 
18.2142 8.22926 4402.56 0.16386 
18.2111 8.23674 4335.49 0.162114 
18.2081 8.24447 4277.84 0.170612 
18.205 8.2526 4225.36 0.175196 
18.202 8.26064 4179.8 0.165202 
18.1987 8.26726 4153.74 0.123707 
18.1955 8.27028 4170.39 0.0621161 
18.1927 8.26812 4208.18 0.107684 
18.1901 8.2616 4237.89 0.164135 
18.1871 8.25401 4260.35 0.153635 
18.1841 8.24774 4291.03 0.121567 
18.183 8.24342 4255.12 0.0530925 
18.1861 8.24462 4205.53 0.149307 
18.1906 8.25576 4231.7 0.327855 
18.1918 8.27425 4382.69 0.386108 
18.1895 8.29146 4551.73 0.291658 
18.1887 8.3029 4608.02 0.180657 
18.192 8.30964 4594.8 0.117585 
18.1948 8.3105 4575.19 0.0620137 
18.1936 8.30459 4553.89 0.158988 
18.1907 8.29952 4520.49 0.0457352 
18.1905 8.30401 4459.35 0.187031 
18.1927 8.31485 4427.02 0.216808 
18.1923 8.32316 4426.33 0.124959 
18.189 8.32766 4416.9 0.107088 
18.1894 8.33454 4403.29 0.213887 
18.1969 8.34645 4401.05 0.318912 
18.2048 8.35779 4444.42 0.201909 
18.2065 8.36267 4541.64 0.0447512 
18.2024 8.36215 4691.55 0.118934 
18.1964 8.36193 4705.9 0.116037 
18.1922 8.36558 4501.94 0.122693 
18.1917 8.37247 4361.19 0.152096 
18.1935 8.37894 4488.6 0.0993352 
18.195 8.38043 4679.56 0.0292912 
18.1952 8.37839 4651.57 0.0277501 
18.1954 8.37953 4473.92 0.0763658 
18.1961 8.38461 4393.31 0.10689 
18.1966 8.38849 4471.36 0.043872 
18.1976 8.38961 4558.08 0.0452209 
18.2009 8.39213 4500.31 0.126182 
18.2053 8.39865 4363.71 0.173622 
18.2074 8.40625 4316.88 0.134019 
18.2065 8.41159 4347.38 0.0905021 
18.2064 8.41627 4346.18 0.121217 
18.2106 8.42399 4311.56 0.229649 
18.2176 8.43389 4361.5 0.226415 
18.2213 8.44096 4510.57 0.084421 
18.2191 8.4425 4593.58 0.0793194 
18.2156 8.44251 4541.38 0.050106 
18.2155 8.44525 4452.96 0.0843786 
18.2181 8.44868 4436.06 0.0732025 
18.2201 8.45031 4460.56 0.0367098 
18.2216 8.45236 4468.81 0.0774688 
18.2242 8.45693 4474.13 0.122429 
18.2269 8.46157 4507.43 0.078656 
18.2276 8.46375 4537 0.0251129 
18.2283 8.46544 4495.33 0.072467 
18.233 8.47049 4399.36 0.204556 
18.2416 8.47884 4374.47 0.24449 
18.2481 8.4861 4444.64 0.131911 
18.2492 8.49002 4472.83 0.0632531 
18.2488 8.49358 4461.24 0.0903708 
18.2511 8.49848 4532.93 0.106695 
18.251 8.5002 4789.21 0.104694 
18.2415 8.49402 4787.33 0.296502 
18.2315 8.48951 4512.41 0.107371 
18.2312 8.49552 4364.96 0.189256 
18.2316 8.50251 4452.2 0.0978467 
18.2241 8.50214 4397.72 0.186094 
18.2186 8.50295 4349.32 0.0885091 
18.2233 8.50937 4472.01 0.194389 
18.2285 8.51202 4575.96 0.0450375 
18.2277 8.50912 4479.52 0.0531406 
18.2249 8.50523 5090.69 0.459431 
18.2022 8.48285 5369.76 0.850721 
18.1693 8.4798 4749.02 0.248925 
18.179 8.48179 3907.63 0.51979 
18.206 8.48406 3842.1 0.434695 
18.2158 8.48431 4113.9 0.0324996 
18.2109 8.48459 4354.59 0.0862388 
18.2158 8.49203 4515.71 0.343098 
18.2286 8.50419 4641.42 0.252354 
18.2278 8.50682 4637.72 0.179532 
18.2219 8.49793 4671.01 0.191345 
18.2276 8.49309 4689.81 0.204093 
18.2367 8.49738 4531.57 0.160886 
18.238 8.5013 4453.35 0.0501846 
18.2354 8.50084 4583.31 0.0512918 
18.2351 8.49866 4682.05 0.0677383 
18.2383 8.49385 4567.32 0.161931 
18.2432 8.48698 4487.65 0.140822 
18.2452 8.48573 4579.4 0.0751673 
18.2437 8.49259 4763.61 0.154401 
18.2469 8.49598 4908.29 0.158228 
18.2564 8.48845 4822.08 0.275458 
18.262 8.48179 4634.75 0.0330472 
18.2595 8.48535 4494.07 0.158325 
18.2576 8.49148 4545.93 0.0764686 
18.2605 8.49182 4627.41 0.0863767 
18.2623 8.48964 4629.54 0.0233686 
18.2595 8.4907 4583.2 0.0837639 
18.2583 8.49241 4577.45 0.0413215 
18.2629 8.49202 4608.52 0.119193 
18.2674 8.4938 4610.69 0.0993598 
18.2683 8.50002 4534.43 0.137912 
18.2713 8.50552 4457.76 0.135275 
18.2782 8.50857 4460.45 0.151507 
18.2823 8.51312 4514.66 0.121796 
18.2805 8.51953 4486.88 0.13385 
18.2791 8.52407 4411.12 0.0716928 
18.2834 8.52735 4405.89 0.150383 
18.2898 8.53255 4453.32 0.167114 
18.2941 8.5387 4449.82 0.127147 
18.2977 8.54265 4397.31 0.0978992 
18.3019 8.54498 4368.93 0.0908008 
18.3039 8.54861 4385.21 0.089477 
18.3034 8.55288 4397.27 0.0687862 
18.3054 8.55489 4371.62 0.0919931 
18.3118 8.55571 4320.94 0.151146 
18.3184 8.5587 4274.51 0.136773 
18.3227 8.56325 4259.54 0.114835 
18.3272 8.56663 4268.81 0.120535 
18.3334 8.56934 4262.63 0.146495 
18.3397 8.57344 4233.55 0.153732 
18.3455 8.57835 4213.34 0.149591 
18.3519 8.58247 4202.4 0.157543 
18.3593 8.58637 4175.41 0.177 
18.3669 8.59163 4136.49 0.194427 
18.3747 8.59797 4119.1 0.205621 
18.3833 8.60401 4133.21 0.215642 
18.3929 8.60963 4142.99 0.228867 
18.4029 8.61591 4124.85 0.246017 
18.4134 8.62341 4105.48 0.269514 
18.4244 8.63206 4130.63 0.290374 
18.435 8.64218 4243.09 0.294406 
18.4435 8.65503 4272.73 0.336828 
18.4541 8.67164 4121.19 0.465558 
18.4731 8.69066 3978.2 0.596201 
18.4973 8.70863 4014.1 0.584943 
18.5194 8.72482 4068.37 0.520042 
18.5403 8.74147 4090.42 0.571989 
18.566 8.76003 4107.01 0.696955 
18.5972 8.78197 3979.35 0.842131 
18.6353 8.81343 3736.64 1.17602 
18.6818 8.86329 3712.7 1.49878 
18.7229 8.91879 4599.44 1.05164 
18.7281 8.92652 5353.58 0.587553 
18.6979 8.90053 5332.77 0.624537 
18.7066 8.89462 5301.63 0.695036 
18.7373 8.90362 5375.34 0.338423 
18.74 8.905 5109.11 0.0518978 
18.7511 8.9158 5140.1 0.613204 
18.7755 8.93819 5109.64 0.585234 
18.7768 8.94838 5073.4 0.191038 
18.775 8.94086 5190.31 0.162958 
18.7776 8.9437 6443.49 0.239295 
18.7588 8.92058 5994.75 0.706514 
18.7468 8.90908 4635.71 0.163447 
18.7624 8.93362 4066.14 0.890898 
18.7688 8.97057 6081.7 0.987606 
18.7246 8.96253 5914.65 0.804536 
18.7266 8.93813 4642.81 0.486316 
18.7585 8.95688 3526.48 0.957975 
18.7843 8.99666 3860.96 0.839891 
18.7997 9.01541 4901.25 0.392828 
18.8162 9.03674 4645.49 0.699156 
18.8296 9.05585 4634.92 0.203147 
18.8199 9.04398 4565.03 0.443837 
18.8342 9.03446 4457.65 0.410529 
18.8442 9.05807 4455.52 0.736438 
18.8305 9.09513 4426.97 0.685823 
18.8252 9.1158 4240.34 0.30347 
18.8406 9.12159 4335.46 0.355492 
18.8517 9.11652 4681.64 0.140844 
18.8515 9.10718 4543.92 0.2527 
18.8558 9.09413 4392.52 0.225634 
18.8536 9.09029 4381.04 0.143333 
18.8492 9.09307 4460.87 0.0333232 
18.8556 9.08844 4683.44 0.217598 
18.8587 9.08577 4678.31 0.105923 
18.8569 9.09465 4487.73 0.174027 
18.8634 9.09716 4464.29 0.212703 
18.8709 9.09344 4426.73 0.062151 
18.8693 9.09851 4353.23 0.199871 
18.8648 9.10566 4461.53 0.0869 
18.8648 9.10369 4501.14 0.133663 
18.8679 9.09675 4445.09 0.130547 
18.8677 9.09312 4405.95 0.0564695 
18.8647 9.09228 4404.78 0.057155 
18.864 9.08873 4447.57 0.0995352 
18.8652 9.08469 4506.52 0.0465684 
18.8653 9.08491 4492.27 0.0378087 
18.8661 9.08642 4340 0.0696182 
18.8736 9.08531 4132.77 0.228609 
18.8858 9.08267 4023.56 0.230749 
18.8933 9.08225 3984.45 0.121117 
18.8938 9.08173 4007.78 0.78289 
18.8609 9.08576 4440.3 0.442252 
18.8839 9.03932 3773.12 1.50679 
18.9092 8.97409 3761.39 0.978316 
18.9149 8.96794 3424.27 0.66414 
18.9294 9.00659 3622.95 0.726168 
18.9498 9.01451 4063.06 0.12841 
18.9434 9.00932 4261.16 0.176322 
18.9526 9.01207 4245.26 0.60003 
18.9884 9.02011 4986.02 0.76008 
19.009 9.00167 6649.41 0.389804 
18.9927 9.00903 5953.56 0.605607 
19.0021 9.02838 5356.31 0.62134 
19.0331 9.03035 5404.46 0.455459 
19.037 9.05111 4827.08 0.426533 
19.032 9.06512 5226.86 0.226317 
19.0411 9.06812 6086.36 0.21534 
19.0429 9.0661 5827.34 0.152629 
19.0294 9.06871 5096.53 0.334557 
19.0234 9.07994 4910.6 0.254373 
19.0303 9.08978 4990.85 0.185111 
19.032 9.09239 5360.3 0.0887578 
19.0271 9.09716 5399.96 0.152848 
19.0299 9.10337 5001.76 0.178289 
19.0394 9.10537 4744.01 0.16813 
19.0426 9.10706 4970.75 0.057596 
19.0389 9.10897 5190 0.0582554 
19.0409 9.1087 5036.01 0.1329 
19.0483 9.10719 4869 0.127504 
19.0521 9.10718 4934.88 0.0422117 
19.0554 9.1066 5018.83 0.115855 
19.0614 9.10381 4996.95 0.11048 
19.0632 9.10253 4981.08 0.00813444 
19.0645 9.10219 5049.16 0.0958839 
19.0721 9.09829 5139.94 0.217262 
19.0803 9.09309 5164.64 0.157754 
19.0861 9.08825 5152.05 0.169785 
19.0942 9.08238 5196.41 0.212431 
19.1032 9.07959 5238.35 0.166805 
19.1115 9.07865 5224.02 0.189073 
19.1217 9.0734 5215.51 0.261486 
19.1333 9.06816 5309.07 0.245121 
19.146 9.06649 5484.82 0.275838 
19.1595 9.06293 5857.34 0.238048 
19.1677 9.06144 6407.76 0.147616 
19.1786 9.05867 6635.32 0.301056 
19.1931 9.06033 6961.96 0.287754 
19.2028 9.07209 7607.33 0.313177 
19.2146 9.08129 7620.55 0.306638 
19.2262 9.08834 7564.86 0.222572 
19.2341 9.09198 7831.31 0.172466 
19.2434 9.08633 8229.55 0.232327 
19.2487 9.08187 8704.95 0.0347114 
19.2501 9.08309 8718.35 0.0559209 
19.2544 9.08162 8810.27 0.104945 
19.2568 9.07918 8897.59 0.0420673 
19.2569 9.07739 8844.55 0.0266686 
19.2576 9.07724 9011.69 0.0204779 
19.2585 9.07739 9057.32 0.040914 
19.2612 9.075 8955.76 0.0844964 
19.2633 9.07268 9153.53 0.0393011 
19.263 9.07081 9215.91 0.0370914 
19.2634 9.06998 9190.52 0.0218744 
19.264 9.07053 9331.17 0.000922602 
19.264 9.06958 9376.69 0.0351068 
19.2652 9.06759 9407.48 0.0503904 
19.2657 9.06548 9414.39 0.0381002 
19.2654 9.06415 9461.43 0.0163471 
19.2663 9.06383 9548.4 0.0190391 
19.2668 9.06405 9519.4 0.00841066 
19.2672 9.06454 9560.94 0.021895 
19.2687 9.06473 9634.77 0.0334976 
19.2701 9.06454 9606.61 0.0244755 
19.2711 9.06499 9688.97 0.0206996 
19.2713 9.0657 9767.81 0.0106495 
19.2711 9.06591 9756.56 0.00142907 
19.2714 9.06596 9783.96 0.00899086 
19.2719 9.06597 9758.59 0.0122319 
19.2728 9.06579 9778.87 0.0243182 
19.2737 9.06561 9824.99 0.00653284 
19.2737 9.06586 9836.91 0.00902835 
19.2741 9.0662 9891.15 0.0151314 
19.2749 9.06597 9870.91 0.0141393 
19.2751 9.06562 9852.34 0.00366484 
19.2748 9.06569 9890.58 0.00963851 
19.2745 9.06594 9858.04 0.00395521 
19.2747 9.06605 9848.37 0.00419403 
19.2747 9.0662 9866.02 0.00647556 
19.2744 9.06643 9840.91 0.00500154 
19.2743 9.0664 9840.13 0.00263936 
19.2743 9.06645 9828.32 0.0077306 
19.2746 9.06713 9813.72 0.0181728 
19.2746 9.06795 9809.93 0.0146494 
19.2742 9.06848 9796.55 0.0145531 
19.2736 9.06883 9803.34 0.0116362 
19.2733 9.06923 9797.1 0.010617 
19.2732 9.0698 9764.26 0.0111018 
19.273 9.07028 9727.89 0.0118768 
19.2724 9.07077 9681.14 0.0181441 
19.2716 9.07132 9631.09 0.0234338 
19.2704 9.07181 9587.74 0.0271764 
19.2692 9.07236 9530.92 0.024532 
19.2683 9.07322 9460.91 0.0266226 
19.2674 9.07456 9387.84 0.0385921 
19.2663 9.07646 9331.35 0.0477555 
19.2652 9.07864 9287.44 0.0495995 
19.2642 9.08092 9233.54 0.0505268 
19.2633 9.08328 9184.81 0.0504465 
19.2623 9.08549 9143.59 0.0450229 
19.2614 9.08726 9112.19 0.0338795 
19.2608 9.08861 9079.17 0.0267454 
19.2603 9.09001 8995.17 0.0362751 
19.26 9.09213 8890.39 0.0459871 
19.2602 9.09391 8842.56 0.0200342 
19.2594 9.09405 8793.18 0.0296794 
19.258 9.09313 8761.87 0.0371824 
19.2566 9.09192 8689.51 0.033569 
19.256 9.09068 8609.44 0.0226783 
19.2555 9.08989 8555.12 0.0184512 
19.2544 9.08996 8475.47 0.0291114 
19.2526 9.09069 8390.74 0.0508761 
19.2494 9.09159 8308.96 0.081581 
19.2449 9.0938 8127.83 0.114858 
19.2413 9.09719 7918.21 0.0737752 
19.2395 9.09885 7850.04 0.0346768 
19.2376 9.09903 7788.37 0.0427256 
19.2357 9.09991 7660.95 0.0447201 
19.2341 9.10176 7537.42 0.0551216 
19.2326 9.10477 7437.91 0.0868015 
19.2322 9.1122 7221.4 0.245464 
19.2362 9.1267 6947.26 0.278018 
19.2389 9.13677 6823.41 0.173383 
19.2357 9.14626 6310.64 0.376889 
19.2738 9.16147 5451.87 1.20439 
19.3271 9.17538 5757.09 0.524748 
19.3343 9.17822 8482.8 0.511408 
19.266 9.18034 12107.3 1.50793 
19.2274 9.20491 7109.31 0.214155 
19.2582 9.19864 5974.17 1.16406 
19.3207 9.19119 6375.7 1.1474 
19.3109 9.18871 14822.6 2.97809 
19.1712 9.22906 9416.64 1.7465 
19.2013 9.2631 4372.52 1.53132 
19.2577 9.28812 4986.88 1.35948 
19.2423 9.35864 5528.05 1.20772 
19.2408 9.38728 6642.53 0.717865 
19.2884 9.36175 6627.01 0.952052 
19.2869 9.34835 6193.8 0.640805 
19.2515 9.36308 5651 0.664271 
19.2414 9.37031 5713.7 0.200746 
19.26 9.36357 5891.95 0.403048 
19.2669 9.36425 5674.52 0.162787 
19.2511 9.36381 5617.06 0.356489 
19.24 9.36435 5929.99 0.0714005 
19.246 9.36773 5910.26 0.262715 
19.2587 9.37044 5774.62 0.173596 
19.2568 9.37097 5841.51 0.25113 
19.2404 9.3719 5865.08 0.303846 
19.2352 9.37681 5832.04 0.153977 
19.2471 9.37971 5900.37 0.289882 
19.2583 9.37853 5979.58 0.133524 
19.2596 9.37915 6011.03 0.084852 
19.2537 9.38169 6109.92 0.123513 
19.2533 9.38365 6116.56 0.122946 
19.2622 9.38458 6023.79 0.15921 
19.262 9.38395 6057.18 0.189507 
19.2484 9.38378 6119.38 0.25792 
19.2432 9.38491 6016.78 0.0644146 
19.2484 9.38711 5814.23 0.0884811 
19.2448 9.39022 5656.68 0.208612 
19.2344 9.39203 5569.89 0.143545 
19.234 9.39338 5529.25 0.111914 
19.2393 9.395 5520.45 0.048816 
19.237 9.39367 5564.53 0.122767 
19.2329 9.39132 5614.01 0.0271717 
19.2336 9.39331 5495.24 0.0830799 
19.2306 9.39789 5245.24 0.159236 
19.2225 9.401 5040.37 0.158065 
19.2175 9.40198 4930.59 0.0470653 
19.216 9.40381 4858.98 0.0816264 
19.2124 9.40928 4689.26 0.18064 
19.2168 9.41924 4092.44 0.366531 
19.2414 9.43019 3667.68 0.669159 
19.2746 9.44066 3510.75 0.684494 
19.3061 9.45101 3504.34 0.669829 
19.3423 9.46237 3663.99 0.893954 
19.3978 9.46533 3575.46 1.42851 
19.484 9.44877 4028.83 1.88615 
19.5491 9.44676 4422.49 0.913505 
19.5585 9.4826 3991.08 0.510853 
19.5493 9.51039 4019.65 0.660861 
19.5619 9.53277 4620.27 0.569843 
19.5998 9.52997 4386.33 0.785082 
19.6235 9.53186 4319.66 0.220282 
19.6276 9.53832 4737.63 0.139856 
19.6404 9.53836 4461.69 0.322763 
19.6496 9.54279 4080.23 0.200826 
19.6453 9.55453 4135.57 0.227555 
19.6501 9.56324 3950.78 0.291176 
19.6641 9.57232 3546.34 0.332363 
19.6736 9.5834 3432.67 0.264232 
19.6821 9.59432 3363.79 0.312498 
19.6953 9.60788 3138.38 0.462372 
19.7197 9.63303 2755.89 1.11267 
19.7926 9.68697 1835.58 2.44385 
19.9186 9.75366 1087.91 3.17808 
20.0788 9.81409 538.283 3.66796 
20.2596 9.8735 187.175 3.89978 
20.4499 9.9255 44.5185 3.97445 
20.6438 9.97209 5.24376 4.00037 
20.8397 10.0142 0 4.01596 
21.0373 10.0523 0 4.03092 
21.2362 10.0867 0 4.04584 
21.4365 10.1179 0 4.06045 
21.6379 10.1461 0 4.07459 
21.8403 10.1717 0 4.0881 
22.0438 10.1948 0 4.10093 
22.248 10.2157 0 4.11302 
22.4531 10.2346 0 4.12435 
22.6589 10.2517 0 4.13492 
22.8653 10.2672 0 4.14474 
23.0723 10.2812 0 4.15383 
23.2798 10.2939 0 4.16223 
23.4878 10.3054 0 4.16997 
23.6962 10.3157 0 4.17709 
23.905 10.3251 0 4.18362 
24.1142 10.3336 0 4.1896 
24.3237 10.3413 0 4.19508 
24.5334 10.3483 0 4.20008 
24.7435 10.3546 0 4.20465 
24.9537 10.3603 0 4.20882 
25.1642 10.3654 0 4.21262 
25.3749 10.3701 0 4.21608 
25.5857 10.3743 0 4.21922 
25.7967 10.3781 0 4.22209 
