12.35 3.25 0 0.234842 
12.3472 3.25836 0 0.291209 
12.3603 3.27668 0 0.617463 
12.388 3.304 0 0.932882 
12.4287 3.33945 0 1.22209 
12.4812 3.38225 0 1.48506 
12.5445 3.43168 0 1.72359 
12.6175 3.48711 0 1.93971 
12.6994 3.54796 0 2.13543 
12.7891 3.6137 0 2.31263 
12.8861 3.68386 0 2.47304 
12.9896 3.75802 0 2.61823 
13.0991 3.83578 0 2.74963 
13.2139 3.9168 0 2.86855 
13.3335 4.00077 0 2.97617 
13.4575 4.08739 0 3.07356 
13.5856 4.1764 4.46879 3.16162 
13.7172 4.26753 7.26596 3.2417 
13.8522 4.3606 8.38998 3.31466 
13.9901 4.45543 9.7285 3.38066 
14.1308 4.55186 11.3302 3.44035 
14.2739 4.64972 13.2566 3.49429 
14.4193 4.74887 15.5867 3.54299 
14.5667 4.84918 18.4239 3.58687 
14.7158 4.95053 21.9097 3.6263 
14.8666 5.0528 26.2436 3.66155 
15.0189 5.15589 31.7203 3.69276 
15.1724 5.25967 38.7887 3.71989 
15.3271 5.364 50.7629 3.7428 
15.4828 5.46868 67.4082 3.76056 
15.6393 5.57348 90.8423 3.77097 
15.7962 5.67803 121.759 3.77037 
15.9533 5.78177 165.882 3.75489 
16.1099 5.88389 226.842 3.71824 
16.2652 5.98336 306.192 3.65478 
16.4182 6.07917 403.261 3.56425 
16.5679 6.17087 524.864 3.45438 
16.7128 6.25915 719.506 3.32664 
16.8497 6.34575 1067.6 3.13942 
16.9719 6.43394 1436.19 2.89222 
17.0759 6.52753 1729.46 2.72126 
17.1664 6.62281 2225.27 2.50221 
17.2468 6.70534 2700.69 2.0973 
17.3256 6.7619 2790.41 1.84432 
17.4092 6.79201 3003.86 1.67917 
17.4777 6.80827 3315.16 1.07572 
17.5101 6.83195 3500.66 0.669658 
17.5373 6.8597 4816.66 1.03712 
17.5816 6.88436 5807.28 0.823759 
17.6129 6.89414 5259.03 0.741351 
17.6607 6.89548 4992.15 0.895676 
17.6757 6.89002 4173.56 0.286689 
17.6517 6.87953 3843.68 0.64632 
17.6328 6.87449 5419.21 0.0931254 
17.6434 6.87494 6976.2 0.426925 
17.667 6.87311 5484.88 0.470413 
17.6979 6.88251 4856.82 0.975502 
17.7625 6.89941 4227.8 1.51306 
17.8205 6.9145 3812.41 0.716516 
17.8243 6.92417 4446.14 0.424875 
17.8201 6.93771 6254.64 0.524473 
17.8626 6.94605 6305.11 0.802369 
17.8754 6.95142 6073.41 0.193031 
17.8623 6.94575 6389.22 0.210548 
17.8752 6.93752 5642.45 0.475438 
17.889 6.93247 5398.38 0.126782 
17.8882 6.9246 5589.4 0.198818 
17.8938 6.91461 7028.77 0.216026 
17.9 6.90304 7258.67 0.634149 
17.9474 6.89235 7560.97 0.858437 
17.9584 6.89576 7285.89 0.323656 
17.9478 6.90885 7241.27 0.456151 
17.9249 6.90594 8552.6 0.187235 
17.9578 6.89909 7467.74 0.793671 
17.9792 6.90735 6670.41 0.308143 
17.9992 6.90819 6181.97 0.520916 
18.0138 6.89803 6058.63 0.17244 
18.034 6.90259 6152.24 0.755143 
18.0719 6.91465 6770.26 0.582958 
18.0703 6.9213 8816.16 0.438456 
18.084 6.91392 8943.3 0.734588 
18.1158 6.91184 8141.64 0.611185 
18.1547 6.92163 7162.47 0.963889 
18.1999 6.92247 7182.66 0.740183 
18.2133 6.91655 8745.46 0.267954 
18.1987 6.91645 7999.67 0.183757 
18.1797 6.91835 7636.6 0.584561 
18.1621 6.91831 7237.44 0.122342 
18.183 6.92641 6852.93 0.486342 
18.195 6.93896 7177.54 0.362973 
18.225 6.95095 7154.3 0.896013 
18.2492 6.9438 7456.41 0.412047 
18.2343 6.92293 6702.52 0.41776 
18.2396 6.9007 6356.45 0.46966 
18.2236 6.88463 6180.73 0.613517 
18.2035 6.87984 6482.89 0.131511 
18.2141 6.86839 6756.12 0.374685 
18.2202 6.85956 6633.59 0.0971155 
18.2307 6.86469 6592.06 0.291583 
18.2341 6.86738 6762.87 0.166463 
18.222 6.86335 6740.73 0.253619 
18.2148 6.86028 6218.82 0.0545843 
18.2197 6.86699 6038.98 0.301295 
18.2311 6.87491 6173.46 0.153326 
18.2318 6.87248 6160.85 0.111107 
18.2337 6.86943 6584.9 0.132236 
18.2405 6.86915 6674.67 0.0875291 
18.2403 6.86754 6299.16 0.103714 
18.2349 6.86292 6278.7 0.154237 
18.227 6.86162 6544.24 0.244729 
18.2135 6.86706 6306.94 0.273276 
18.206 6.87048 6051.31 0.071092 
18.203 6.86815 6226.46 0.11102 
18.1988 6.86129 6261.3 0.216018 
18.1908 6.84985 5880.99 0.340517 
18.1785 6.8371 5723.01 0.331295 
18.1687 6.83021 5768.38 0.129987 
18.1687 6.82999 5793.55 0.123096 
18.1767 6.83497 5831.29 0.208384 
18.1778 6.84304 5810.25 0.194381 
18.168 6.84739 5681.29 0.213434 
18.1609 6.84704 5525.1 0.048027 
18.1635 6.84986 5506.57 0.174126 
18.1715 6.85437 5611.2 0.137181 
18.1721 6.84806 5549.22 0.283402 
18.1615 6.83385 5463.29 0.367496 
18.1509 6.82448 5614.32 0.167403 
18.1489 6.8253 5837.89 0.112383 
18.1516 6.83167 5837.87 0.146665 
18.1558 6.83622 5544.69 0.121764 
18.1607 6.84171 5046.38 0.211308 
18.1711 6.85294 4696.34 0.410452 
18.1886 6.87021 4789.3 0.554529 
18.2087 6.89212 5024.56 0.63083 
18.2317 6.91407 5245.13 0.614908 
18.2506 6.93171 5442.81 0.380018 
18.2552 6.94143 5499.01 0.116492 
18.2533 6.95042 5315.39 0.292243 
18.2594 6.96976 5284.27 0.473677 
18.2673 6.9875 5576.67 0.236368 
18.2681 6.99245 5947.7 0.0292028 
18.2718 6.99523 6105.55 0.181565 
18.2746 7.00475 5930.17 0.255399 
18.2618 7.01537 5688.03 0.361981 
18.2558 7.02449 5529.12 0.190467 
18.2695 7.0315 5392.47 0.371693 
18.2815 7.04119 5410.89 0.246307 
18.285 7.05217 5602.97 0.212554 
18.2905 7.06076 5726.85 0.220799 
18.2939 7.07353 5596.75 0.290433 
18.2965 7.0861 5412.85 0.222688 
18.3022 7.09523 5494.01 0.22334 
18.3103 7.10412 5752.19 0.253424 
18.3204 7.11064 5894.67 0.20419 
18.3272 7.11508 5845.26 0.125537 
18.3296 7.11841 5773.93 0.0430025 
18.3302 7.1198 5756.83 0.034461 
18.332 7.12213 5729.76 0.0816364 
18.3351 7.12436 5701.69 0.0575501 
18.3363 7.12515 5712.27 0.00534273 
18.3367 7.1249 5748.65 0.0172684 
18.3368 7.12835 5730.97 0.163486 
18.3318 7.14208 5695.44 0.415222 
18.3234 7.16348 5756.93 0.428707 
18.3212 7.17521 5704.91 0.105018 
18.3265 7.17677 5396.51 0.136512 
18.3298 7.19201 5015.16 0.444413 
18.3407 7.21352 5059.17 0.474103 
18.3499 7.22463 5519.36 0.141051 
18.3432 7.22824 5658.24 0.122475 
18.3462 7.23454 5444.62 0.315986 
18.3633 7.24433 5257 0.400057 
18.3742 7.25545 5241.12 0.245606 
18.3785 7.26758 5373.91 0.297738 
18.3913 7.27661 5524.05 0.287512 
18.3957 7.28016 5468.13 0.134603 
18.3864 7.2789 5274.41 0.170512 
18.3841 7.27651 5268.63 0.0642785 
18.3884 7.28188 5211.27 0.153403 
18.3903 7.28489 5065.37 0.0546496 
18.3808 7.28402 5038.67 0.305541 
18.3647 7.28719 5074.11 0.301698 
18.3565 7.29504 4968.09 0.19154 
18.354 7.30471 4719.7 0.223812 
18.3447 7.31541 4479.26 0.352799 
18.3293 7.32608 4317.97 0.367631 
18.3165 7.33626 4209.85 0.291341 
18.3087 7.34806 4149.88 0.288628 
18.3044 7.36204 4165.76 0.289946 
18.3041 7.37567 4266.54 0.254616 
18.3063 7.38692 4407.27 0.1983 
18.306 7.39454 4444.37 0.119879 
18.3032 7.40001 4234.65 0.136209 
18.3064 7.40807 4041.79 0.278768 
18.3265 7.41785 3953.68 0.628033 
18.3626 7.43025 4129.92 0.849143 
18.3988 7.44689 4750.62 0.666304 
18.4147 7.46132 5490.71 0.30904 
18.4137 7.48103 5911.15 0.458381 
18.4155 7.49961 5716.1 0.323518 
18.4394 7.50372 5337.09 0.602342 
18.462 7.51717 5579.96 0.54726 
18.4729 7.54451 5833.8 0.559513 
18.4928 7.56135 5776.48 0.546224 
18.5149 7.57598 5903.51 0.503573 
18.5323 7.59256 6189.07 0.463263 
18.5521 7.60316 6387.19 0.420397 
18.5669 7.61492 6625.07 0.382523 
18.5732 7.63362 6611.91 0.357354 
18.5807 7.64312 6084.76 0.236308 
18.5924 7.64104 5970.97 0.192991 
18.5994 7.64523 6175.73 0.192834 
18.607 7.65084 6296.84 0.257614 
18.6236 7.64452 6350.1 0.398967 
18.6376 7.63537 6544.98 0.229832 
18.6422 7.63163 6527.45 0.0677591 
18.6472 7.62535 6468.58 0.280781 
18.6563 7.61179 6450.28 0.313558 
18.6593 7.59954 6378.1 0.209572 
18.6588 7.59 6219.51 0.183646 
18.6597 7.5803 6170.55 0.209061 
18.6598 7.56891 6146.78 0.252093 
18.6612 7.55452 6034.42 0.32922 
18.6654 7.53863 5825.46 0.280516 
18.6667 7.52926 5689.72 0.121473 
18.6688 7.52265 5709.36 0.202249 
18.6756 7.51206 5724.05 0.253445 
18.6814 7.50289 5592.76 0.196159 
18.687 7.49357 5409.61 0.24939 
18.6919 7.48218 5345.93 0.227015 
18.6898 7.47358 5329.63 0.130353 
18.687 7.47179 5262.37 0.010228 
18.6892 7.47232 5170.48 0.0471915 
18.6914 7.47195 5133.36 0.0566655 
18.6957 7.47507 5104.99 0.201004 
18.6947 7.49586 5176.23 0.62566 
18.6844 7.52114 4998.3 0.414785 
18.6904 7.53738 4607.85 0.486207 
18.7137 7.55919 4695.34 0.746568 
18.7307 7.5939 5033.99 0.799222 
18.7346 7.63259 5260.36 0.720284 
18.7442 7.66295 5389.47 0.614637 
18.7605 7.68715 5492.29 0.571104 
18.7688 7.71643 5737.6 0.58022 
18.7814 7.74045 6122.04 0.538506 
18.7932 7.75572 6136.21 0.217388 
18.7846 7.76386 5808.52 0.348318 
18.7701 7.77727 5683.69 0.426641 
18.7661 7.79623 5819.6 0.34859 
18.762 7.81351 5852.88 0.472775 
18.7426 7.84422 5655.45 0.944306 
18.7185 7.88796 5172.5 0.894865 
18.7124 7.91978 4409.49 0.604248 
18.7394 7.95334 3741.44 1.25167 
18.7952 8.0196 3381.29 2.1516 
18.85 8.12422 3411.07 2.45117 
18.8908 8.226 4396.58 1.66951 
18.9385 8.26886 5192.87 1.18685 
18.9759 8.2871 5298.73 0.661274 
18.9643 8.3391 4925.38 1.3233 
18.9601 8.39632 5098.51 0.852121 
18.9756 8.41751 4775.23 0.345254 
18.9849 8.42592 4877.68 0.241045 
18.9887 8.44159 5457.49 0.36829 
18.9952 8.45457 5192.33 0.279808 
19.0084 8.46979 4272.03 0.580081 
19.0372 8.49112 4139.65 0.785881 
19.0642 8.51579 4582 0.650629 
19.0774 8.54021 4294.72 0.465879 
19.0885 8.55592 4213.91 0.332954 
19.1028 8.56564 4494.33 0.400237 
19.1241 8.57912 4695.35 0.600493 
19.1552 8.59031 4900.37 0.714138 
19.1895 8.59552 5040.88 0.619823 
19.2149 8.60118 5136.06 0.471095 
19.2368 8.61256 5142.08 0.550359 
19.2664 8.62822 4957.36 0.798437 
19.3061 8.64278 4949.57 0.828643 
19.3441 8.6438 4875.02 0.753835 
19.3879 8.64068 4402.49 1.08377 
19.4583 8.6496 3643.07 1.7708 
19.5552 8.67966 3263.18 2.01436 
19.6362 8.71969 3437.21 1.6657 
19.6949 8.74722 3654.67 0.850827 
19.7284 8.77191 3479.81 1.35765 
19.8144 8.81182 3000.18 2.30114 
19.9608 8.85569 9828.36 4.31706 
20.0865 9.15233 6922.54 5.52064 
20.3123 9.2714 313.829 5.07347 
20.5468 9.35925 95.2554 4.94024 
20.7775 9.43756 84.2236 4.80456 
21.0044 9.50596 94.007 4.67596 
21.2276 9.56463 106.912 4.55755 
21.4472 9.61409 111.576 4.4527 
21.6638 9.65506 112.08 4.36489 
21.8776 9.68846 107.621 4.29511 
22.0893 9.71528 100.272 4.243 
22.2994 9.73649 91.664 4.20632 
22.5084 9.75299 82.7222 4.18179 
22.7167 9.76556 73.8872 4.16596 
22.9245 9.77487 65.3654 4.15574 
23.132 9.78151 57.3085 4.14875 
23.3392 9.78597 49.8575 4.14329 
23.5462 9.7887 43.1235 4.13831 
23.753 9.79003 37.1656 4.13323 
