12.35 8.45 0 0.206171 
12.3516 8.45545 0 0.26607 
12.3731 8.462 0 0.632554 
12.4126 8.46955 0 0.97304 
12.4685 8.478 0 1.28261 
12.5391 8.48727 0 1.5632 
12.6232 8.49727 0 1.8173 
12.7193 8.50795 0 2.04732 
12.8264 8.51925 0 2.2555 
12.9433 8.53112 0 2.44389 
13.0692 8.54351 0 2.61436 
13.2033 8.55638 0 2.7686 
13.3446 8.56971 0 2.90815 
13.4926 8.58346 2.2993 3.03433 
13.6466 8.59754 4.89921 3.14902 
13.806 8.61193 5.52586 3.2534 
13.9704 8.6266 6.24538 3.34785 
14.1393 8.64152 7.07652 3.43328 
14.3123 8.65667 8.04118 3.51055 
14.4889 8.67203 9.16458 3.58039 
14.6689 8.68756 10.475 3.64349 
14.8519 8.70326 12.0034 3.70046 
15.0375 8.71907 13.7819 3.75184 
15.2256 8.73499 18.4027 3.79813 
15.4159 8.75104 21.4774 3.83976 
15.6082 8.76718 25.1352 3.87713 
15.8022 8.78339 29.4852 3.91058 
15.9978 8.79964 34.6631 3.94043 
16.1948 8.81591 40.8557 3.96694 
16.3931 8.83219 63.3048 3.98701 
16.5915 8.8485 222.205 3.95579 
16.7792 8.86471 1364.86 3.36519 
16.8869 8.87498 2502.8 0.730871 
16.8713 8.88375 1120.7 0.897837 
16.8318 8.89142 2166.45 0.408959 
16.9047 8.90408 2505.38 3.13064 
17.0749 8.9077 1770.23 3.10134 
17.1904 8.92006 1373.31 1.6448 
17.2519 8.94462 1046.98 1.11111 
17.2735 8.96513 2304.22 0.416429 
17.205 8.9761 1603.37 2.00207 
17.1393 9.01148 4144.22 1.01736 
17.2591 9.03315 2726.28 3.37319 
17.3444 9.03073 4430.35 0.908774 
17.2554 9.07976 1913.57 2.30422 
17.1949 9.13864 2810.9 1.09124 
17.2423 9.18109 1951.64 1.81629 
17.3301 9.21957 2203.89 1.82184 
17.382 9.25555 3210.36 0.855159 
17.3824 9.29244 3721.82 0.565882 
17.3945 9.29549 4162.64 0.666763 
17.4272 9.2808 4150.82 0.509482 
17.4286 9.28344 4331.42 0.385821 
17.4371 9.29141 5793.48 0.949484 
17.4902 9.26628 6393.66 0.831996 
17.4766 9.26107 5488.38 0.862974 
17.4484 9.26798 5102.48 0.222396 
17.4708 9.25574 5684.65 0.884053 
17.5203 9.26113 7568.24 0.98211 
17.5631 9.2742 7620.45 0.681207 
17.5765 9.27736 6080.23 0.193434 
17.5561 9.26546 5579.8 0.589116 
17.5397 9.27106 6785.34 0.387483 
17.5789 9.28293 6925.74 0.853161 
17.5973 9.29332 6399.19 0.177843 
17.584 9.2997 5751.68 0.350056 
17.576 9.30307 6321.96 0.13574 
17.598 9.30119 7332.49 0.622162 
17.6227 9.31116 8107.5 0.494891 
17.6476 9.32744 8248.12 0.64328 
17.6732 9.33023 7468.99 0.451424 
17.6979 9.32474 7939.87 0.611461 
17.7265 9.32291 8008.8 0.397804 
17.7409 9.33104 8343.03 0.416142 
17.7674 9.32657 8422.09 0.575972 
17.7804 9.31071 8176.84 0.25162 
17.7948 9.29873 8688.11 0.649284 
17.8178 9.28373 8233.37 0.145636 
17.8168 9.29019 7849.52 0.236278 
17.8402 9.29352 8141.22 0.567266 
17.8584 9.28987 8310.86 0.211315 
17.8665 9.28794 8047.61 0.156569 
17.871 9.29262 7830.78 0.12536 
17.8686 9.2962 7714.58 0.103559 
17.86 9.2981 7556.07 0.246568 
17.8496 9.30268 7726.87 0.147996 
17.8478 9.30436 7987.34 0.0322895 
17.85 9.30604 7807.27 0.0778025 
17.8553 9.3073 7450.16 0.157328 
17.8641 9.30625 7436.51 0.160318 
17.8701 9.30661 7785.69 0.124905 
17.8786 9.31011 7941.58 0.22413 
17.8868 9.31672 8101.34 0.213589 
17.8895 9.3256 8727.36 0.109192 
17.8895 9.32571 8381.97 0.0993297 
17.8964 9.32046 8507.86 0.166418 
17.8935 9.31574 8782.59 0.236561 
17.8855 9.31293 8559.02 0.0421356 
17.8845 9.31323 8591.34 0.0728883 
17.8808 9.31247 8403.02 0.0424867 
17.885 9.30965 8274.46 0.140227 
17.8898 9.30587 8205.24 0.105555 
17.8924 9.30194 8328.12 0.0765244 
17.8931 9.29992 8323.62 0.011538 
17.894 9.30034 8214.28 0.06341 
17.8988 9.30042 8231.58 0.101193 
17.9018 9.30008 8135.57 0.0233274 
17.9026 9.30042 8037.05 0.0149757 
17.9033 9.30054 8124.21 0.0352014 
17.9076 9.29913 8306.51 0.137555 
17.9137 9.29773 8379.77 0.086896 
17.9163 9.29806 8244.66 0.0422295 
17.9186 9.29893 8187.42 0.0482809 
17.9205 9.29979 8255.99 0.0462172 
17.9244 9.2993 8270.48 0.103766 
17.9286 9.29782 8195.59 0.0657261 
17.931 9.29596 8151.68 0.0698899 
17.934 9.29377 8172.21 0.0674151 
17.9361 9.29261 8128.85 0.0290825 
17.9371 9.29326 8042.19 0.0294421 
17.9376 9.29481 7971.86 0.0352814 
17.9393 9.2961 7940.13 0.0508619 
17.9412 9.29728 7942.11 0.0348346 
17.9414 9.29914 7950.67 0.0433459 
17.9419 9.30139 7914.92 0.0494823 
17.9431 9.30346 7816.02 0.0439274 
17.9443 9.30489 7710.87 0.0266886 
17.9445 9.30543 7636.91 0.00781375 
17.9439 9.30532 7571.41 0.0171235 
17.9433 9.30473 7521.82 0.0173955 
17.9439 9.30357 7510.69 0.0408736 
17.9462 9.30198 7495.68 0.0668197 
17.9493 9.30037 7443.11 0.0705479 
17.9527 9.29922 7410.64 0.0764057 
17.957 9.29841 7445.53 0.100075 
17.9624 9.29721 7505.05 0.118018 
17.9677 9.29616 7530.09 0.0892987 
17.971 9.29592 7529.52 0.0504338 
17.9734 9.29568 7531.17 0.0515738 
17.9762 9.29519 7510.35 0.0566652 
17.9787 9.29509 7452.94 0.0446011 
17.9807 9.29496 7409.3 0.0369345 
17.9824 9.29393 7397.46 0.0437277 
17.9839 9.29237 7388.91 0.04335 
17.9857 9.29108 7366.71 0.0456967 
17.9878 9.29006 7331.14 0.0468966 
17.9899 9.28925 7292.28 0.0409346 
17.9917 9.28877 7256.75 0.0347623 
17.9936 9.28874 7224.96 0.0427214 
17.9962 9.28884 7200.14 0.061996 
17.9996 9.28898 7171.53 0.0721409 
18.0031 9.2893 7132.28 0.0702083 
18.0066 9.2898 7095.41 0.07143 
18.0101 9.2904 7067.93 0.0692834 
18.0134 9.29075 7045.07 0.0622127 
18.0166 9.28889 6992.48 0.103472 
18.0215 9.28513 6958.09 0.122654 
18.025 9.28492 7147.46 0.0561373 
18.0234 9.28884 7276.81 0.0785295 
18.0263 9.29107 7164.71 0.154523 
18.0345 9.29445 7123.38 0.170461 
18.0369 9.30192 7205.43 0.172566 
18.037 9.31135 7285.71 0.213669 
18.0413 9.32202 7343.12 0.218385 
18.0442 9.32808 7438.04 0.0369285 
18.0449 9.32652 7362.99 0.080313 
18.0494 9.32437 7360.97 0.117933 
18.0535 9.32429 7517.27 0.0425843 
18.0542 9.32122 7461.04 0.0770838 
18.0551 9.31917 7382.73 0.0110428 
18.0547 9.31948 7477.3 0.0178342 
18.0549 9.31814 7500.96 0.0534907 
18.0575 9.31616 7421.73 0.0651247 
18.0595 9.31471 7394.35 0.0404768 
18.0606 9.31227 7388.88 0.0662711 
18.0621 9.30982 7389.14 0.0393882 
18.063 9.30891 7394.35 0.0220692 
18.064 9.30742 7406.13 0.051504 
18.066 9.30531 7393.55 0.0573657 
18.068 9.30378 7393.03 0.0454233 
18.0699 9.30252 7390.52 0.0482282 
18.0716 9.30069 7362.75 0.0476787 
18.0728 9.2991 7323.77 0.0347934 
18.074 9.29778 7308.99 0.0363214 
18.0753 9.29647 7304.45 0.0379739 
18.0769 9.29503 7295.46 0.0493929 
18.079 9.29325 7285.04 0.0594873 
18.0814 9.29135 7271.23 0.0620936 
18.0844 9.28837 7158.83 0.121273 
18.0916 9.28484 6909.24 0.20662 
18.1041 9.28221 6731.11 0.29364 
18.1182 9.28095 6832.89 0.245115 
18.1268 9.28039 7022.7 0.125297 
18.1316 9.27627 7153.05 0.117638 
18.1357 9.27494 7218 0.0584541 
18.138 9.2741 7205.82 0.0653893 
18.1411 9.27172 7195.6 0.0811531 
18.1443 9.27003 7202.68 0.063919 
18.1468 9.26817 7225.79 0.0640477 
18.1499 9.26676 7222.55 0.0709589 
18.1534 9.26537 7198.65 0.0822713 
18.1576 9.26433 7207.8 0.0858006 
18.1617 9.26358 7214.18 0.0798146 
18.1654 9.26292 7211.19 0.0721239 
18.1689 9.26232 7220.07 0.0735979 
18.1728 9.26143 7237.13 0.0883306 
18.1774 9.26051 7255.59 0.0940368 
18.1818 9.25926 7261.92 0.0907613 
18.1863 9.25799 7265.58 0.0990953 
18.1914 9.25698 7282.18 0.106781 
18.1965 9.25575 7301.83 0.102644 
18.2015 9.25453 7319.64 0.100527 
18.2063 9.25349 7323.38 0.0962 
18.2107 9.2524 7299.36 0.086578 
18.2148 9.25154 7275.34 0.0803424 
18.2187 9.25094 7270.98 0.0788084 
18.2227 9.2503 7275.72 0.0822167 
18.2269 9.24984 7275.81 0.0882864 
18.2314 9.24961 7271.19 0.0923145 
18.2362 9.2494 7267.02 0.0992177 
18.2414 9.24923 7267.63 0.109017 
18.247 9.24911 7268.02 0.11385 
18.2527 9.24891 7266.62 0.114016 
18.2584 9.24866 7264.38 0.115888 
18.2643 9.24834 7261.54 0.117781 
18.2702 9.24781 7263.44 0.119925 
18.2763 9.24719 7269.53 0.125604 
18.2827 9.24661 7272.01 0.132447 
18.2894 9.24597 7272.4 0.136881 
18.2963 9.24543 7274.53 0.138875 
18.3032 9.24501 7275.59 0.139164 
18.3102 9.24461 7278.5 0.138686 
18.3171 9.24436 7288 0.138505 
18.324 9.24422 7297.94 0.139876 
18.3311 9.24404 7299.04 0.142139 
18.3383 9.24382 7292.66 0.14515 
18.3456 9.24363 7287.32 0.148219 
18.3531 9.24357 7283.85 0.151628 
18.3608 9.24362 7279.79 0.155603 
18.3686 9.24386 7281.1 0.15931 
18.3766 9.24476 7298.02 0.160436 
18.3841 9.24722 7323.13 0.16151 
18.3921 9.25024 7480.89 0.173981 
18.3995 9.25085 7754.25 0.106699 
18.4033 9.25296 7900.91 0.110002 
18.4094 9.25575 7785.09 0.187786 
18.4224 9.25467 7417.67 0.323247 
18.4399 9.25633 7254.23 0.355689 
18.456 9.257 7324.52 0.286187 
18.4694 9.26127 7428.67 0.278231 
18.4791 9.25986 7482.4 0.240726 
18.4858 9.2497 7423.73 0.205462 
18.4963 9.24956 7496.37 0.23425 
18.5054 9.24868 7606.41 0.171904 
18.5114 9.24258 7502.22 0.160183 
18.5219 9.24071 7643.56 0.276765 
18.5326 9.23327 7532.15 0.276108 
18.5502 9.23323 7112.14 0.56833 
18.5778 9.24725 6919.51 0.526167 
18.5946 9.24841 7018.97 0.224023 
18.6004 9.24288 7252.01 0.115019 
18.6084 9.24638 7262.94 0.280755 
18.6192 9.24953 7274.58 0.173746 
18.6264 9.24597 7142.1 0.16183 
18.6344 9.24369 7162.58 0.15815 
18.641 9.24131 7255.69 0.129371 
18.6481 9.24092 7232.03 0.177478 
18.6561 9.24771 7431.4 0.225642 
18.6564 9.24836 7728.31 0.300556 
18.6527 9.22169 7614.49 0.593674 
18.662 9.20381 7304.89 0.331945 
18.6785 9.20944 6920.65 0.33722 
18.6923 9.2119 6652.59 0.248493 
18.7031 9.20964 6640.91 0.197521 
18.7138 9.21189 6704 0.244169 
18.7242 9.21323 6740.95 0.158448 
18.7295 9.2087 6754.39 0.145095 
18.7367 9.20554 6736.99 0.17128 
18.7444 9.20619 6642 0.133097 
18.7523 9.20535 6734 0.217092 
18.7623 9.20201 6565.28 0.145807 
18.7694 9.20301 6971.23 0.147772 
18.7731 9.19777 6585.84 0.0906437 
18.7705 9.20092 6219.06 0.22972 
18.7977 9.20408 5947.98 0.801531 
18.8346 9.18938 6057.17 0.656172 
18.8529 9.18907 5791.77 0.464749 
18.8649 9.22283 5362.35 0.812933 
18.8786 9.24362 5843.73 0.347521 
18.9029 9.2206 6079.15 0.789988 
18.9333 9.21875 6214.9 0.596893 
18.9487 9.22878 6505.14 0.186115 
18.96 9.2486 6463.36 0.817277 
18.9751 9.28173 6686.12 0.4469 
18.9928 9.27759 6291.37 0.561175 
19.0134 9.26059 6668.98 0.460772 
19.0285 9.25508 7178.27 0.264581 
19.033 9.27863 6884.29 0.710212 
19.0354 9.31496 6831.46 0.643069 
19.0406 9.33605 6789.31 0.213836 
19.0451 9.3366 6712.26 0.180313 
19.0563 9.33071 6801.09 0.301428 
19.0716 9.33044 6839.78 0.287023 
19.083 9.33121 6690.54 0.178947 
19.0914 9.33619 6397.73 0.27655 
19.1006 9.35095 6187.42 0.361448 
19.1095 9.35845 5770.61 0.21888 
19.1151 9.34969 5100.71 0.124166 
19.1217 9.38122 4132.76 1.08641 
19.1504 9.41548 3458.82 1.03483 
19.2217 9.4358 2816.35 1.97005 
19.3363 9.49402 1915.05 3.02643 
19.4771 9.56794 1451.41 3.21091 
19.6185 9.63079 1180.84 2.96309 
19.7539 9.67692 807.352 2.79273 
19.8888 9.71269 485.276 2.81542 
20.029 9.74467 255.034 2.97527 
20.1763 9.7955 119.624 3.20144 
20.3299 9.84663 56.6095 3.27306 
20.4888 9.8922 27.4022 3.34057 
20.6525 9.93294 13.3526 3.40611 
20.8205 9.96948 8.84174 3.47104 
20.9925 10.0023 6.03032 3.53403 
21.1682 10.0319 4.23687 3.59392 
21.3474 10.0586 3.06383 3.65012 
21.5296 10.0827 2.27702 3.70244 
21.7147 10.1045 0 3.75151 
21.9024 10.1242 0 3.79675 
22.0925 10.142 0 3.83812 
22.2846 10.1581 0 3.87591 
22.4788 10.1727 0 3.91038 
22.6746 10.1859 0 3.94178 
22.8721 10.1978 0 3.97038 
23.071 10.2086 0 3.9964 
23.2712 10.2184 0 4.02005 
23.4725 10.2272 0 4.04155 
23.6749 10.2352 0 4.06107 
23.8783 10.2425 0 4.0788 
24.0825 10.249 0 4.09488 
24.2876 10.255 0 4.10948 
24.4933 10.2603 0 4.12271 
24.6997 10.2652 0 4.13471 
24.9067 10.2696 0 4.1456 
25.1142 10.2735 0 4.15546 
25.3221 10.2771 0 4.16439 
25.5305 10.2804 0 4.17249 
25.7393 10.2833 0 4.17983 
25.9485 10.286 0 4.18647 
26.1579 10.2884 0 4.19249 
26.3677 10.2906 0 4.19794 
26.5777 10.2926 0 4.20288 
26.7879 10.2943 0 4.20735 
26.9984 10.296 0 4.2114 
27.2091 10.2974 0 4.21506 
27.4199 10.2987 0 4.21838 
27.6309 10.2999 0 4.22138 
27.842 10.301 0 4.2241 
28.0533 10.302 0 4.22656 
28.2647 10.3029 0 4.22879 
28.4762 10.3037 0 4.2308 
28.6877 10.3044 0 4.23263 
28.8994 10.3051 0 4.23428 
29.1112 10.3057 0 4.23577 
29.323 10.3062 0 4.23713 
29.5349 10.3067 0 4.23835 
29.7468 10.3071 0 4.23946 
29.9588 10.3075 0 4.24046 
30.1709 10.3079 0 4.24137 
30.383 10.3082 0 4.24219 
30.5951 10.3085 0 4.24293 
30.8072 10.3088 0 4.2436 
31.0194 10.309 0 4.24421 
31.2317 10.3092 0 4.24476 
31.4439 10.3094 0 4.24526 
31.6562 10.3096 0 4.24571 
31.8685 10.3098 0 4.24612 
32.0808 10.3099 0 4.24649 
32.2931 10.3101 0 4.24682 
32.5055 10.3102 0 4.24713 
32.7178 10.3103 0 4.2474 
32.9302 10.3104 0 4.24765 
33.1426 10.3105 0 4.24787 
33.355 10.3106 0 4.24807 
33.5674 10.3106 0 4.24826 
33.7798 10.3107 0 4.24842 
33.9923 10.3108 0 4.24857 
34.2047 10.3108 0 4.24871 
34.4171 10.3109 0 4.24883 
34.6296 10.3109 0 4.24894 
34.842 10.3109 0 4.24904 
35.0545 10.311 0 4.24913 
35.2669 10.311 0 4.24922 
35.4794 10.311 0 4.24929 
35.6919 10.3111 0 4.24936 
35.9043 10.3111 0 4.24942 
36.1168 10.3111 0 4.24947 
36.3293 10.3111 0 4.24952 
36.5418 10.3112 0 4.24957 
36.7542 10.3112 0 4.24961 
36.9667 10.3112 0 4.24965 
